成交时间,成交价,涨跌幅,价格变动,成交量(手),成交额(元),性质
09:15:00,0.0,-100.00%,--,0,0,中性盘
09:15:03,0.0,-100.00%,--,0,0,卖盘
09:25:00,65.0,+0.78%,--,216,1406145,--
09:25:00,65.0,+0.78%,-0.03,216,1406145,中性盘
09:30:01,64.97,+0.73%,-0.03,11,75820,卖盘
09:30:04,65.03,+0.82%,+0.06,82,536823,买盘
09:30:07,64.9,+0.62%,-0.13,81,525690,卖盘
09:30:09,64.89,+0.60%,-0.01,33,219069,中性盘
09:30:13,64.65,+0.23%,-0.24,44,289373,中性盘
09:30:16,64.69,+0.29%,+0.04,2,12938,买盘
09:30:22,64.69,+0.29%,--,0,0,中性盘
09:30:25,64.82,+0.50%,+0.13,10,65209,买盘
09:30:28,64.87,+0.57%,+0.05,8,51896,买盘
09:30:31,65.0,+0.78%,+0.13,11,72800,买盘
09:30:34,65.01,+0.79%,+0.01,127,829723,买盘
09:30:37,65.0,+0.78%,-0.01,78,511680,卖盘
09:30:40,65.28,+1.21%,+0.28,17,111172,买盘
09:30:43,65.28,+1.21%,--,23,156280,买盘
09:30:46,65.27,+1.19%,-0.01,6,39162,中性盘
09:30:49,65.16,+1.02%,-0.11,28,183165,卖盘
09:30:52,65.19,+1.07%,+0.03,18,118841,买盘
09:30:55,65.19,+1.07%,--,10,67863,买盘
09:30:58,65.16,+1.02%,-0.03,2,13032,中性盘
09:31:01,65.01,+0.79%,-0.15,28,186904,卖盘
09:31:04,64.97,+0.73%,-0.04,37,242793,中性盘
09:31:07,64.99,+0.76%,+0.02,81,526939,卖盘
09:31:10,64.83,+0.51%,-0.16,43,285058,卖盘
09:31:13,64.72,+0.34%,-0.11,18,121868,卖盘
09:31:16,64.83,+0.51%,+0.11,26,168558,中性盘
09:31:19,64.9,+0.62%,+0.07,18,116820,买盘
09:31:22,64.89,+0.60%,-0.01,8,54508,卖盘
09:31:25,64.99,+0.76%,+0.1,52,340093,买盘
09:31:28,65.15,+1.01%,+0.16,19,127889,买盘
09:31:31,65.38,+1.36%,+0.23,156,1021236,买盘
09:31:34,65.3,+1.24%,-0.08,47,312069,卖盘
09:31:37,65.4,+1.40%,+0.1,54,354664,买盘
09:31:40,65.43,+1.44%,+0.03,32,213040,买盘
09:31:43,65.43,+1.44%,--,15,103183,卖盘
09:31:46,65.47,+1.50%,+0.04,66,437667,买盘
09:31:49,65.48,+1.52%,+0.01,107,704958,买盘
09:31:52,65.46,+1.49%,-0.02,17,116912,买盘
09:31:55,65.46,+1.49%,--,26,173076,买盘
09:31:58,65.46,+1.49%,--,187,1227964,卖盘
09:32:01,65.31,+1.26%,-0.15,44,291805,卖盘
09:32:04,65.45,+1.47%,+0.14,58,381050,中性盘
09:32:07,65.45,+1.47%,--,55,365407,买盘
09:32:10,65.55,+1.63%,+0.1,19,126774,买盘
09:32:13,65.6,+1.71%,+0.05,26,170560,买盘
09:32:16,65.55,+1.63%,-0.05,18,120546,卖盘
09:32:19,65.6,+1.71%,+0.05,36,241474,买盘
09:32:22,65.55,+1.63%,-0.05,7,45885,中性盘
09:32:25,65.55,+1.63%,--,7,45885,买盘
09:39:49,66.1,+2.48%,--,34,226459,中性盘
09:39:52,66.1,+2.48%,--,8,53211,卖盘
09:39:55,66.08,+2.45%,-0.02,10,66080,卖盘
09:39:58,66.13,+2.53%,+0.05,6,39678,中性盘
09:40:01,66.2,+2.64%,+0.07,52,345432,买盘
09:40:04,66.31,+2.81%,+0.11,49,328632,买盘
09:40:07,66.3,+2.79%,-0.01,3,21349,卖盘
09:40:10,66.34,+2.85%,+0.04,49,330572,买盘
09:40:13,66.34,+2.85%,--,33,218988,买盘
09:40:16,66.48,+3.07%,+0.14,9,59832,买盘
09:40:19,66.5,+3.10%,+0.02,4,26600,买盘
09:40:22,66.51,+3.12%,+0.01,28,190086,买盘
09:40:25,66.51,+3.12%,--,2,14433,卖盘
09:40:28,66.41,+2.96%,-0.1,111,738214,卖盘
09:40:31,66.55,+3.18%,+0.14,152,1016418,买盘
09:40:34,66.56,+3.19%,+0.01,18,126397,买盘
09:40:37,66.55,+3.18%,-0.01,36,240179,卖盘
09:40:40,66.55,+3.18%,--,30,205174,卖盘
09:40:43,66.56,+3.19%,+0.01,18,120340,中性盘
09:40:46,66.68,+3.38%,+0.12,28,191505,买盘
09:40:49,66.68,+3.38%,--,0,0,买盘
09:40:52,66.57,+3.21%,-0.11,33,221811,卖盘
09:40:55,66.57,+3.21%,--,49,331652,卖盘
09:40:58,66.63,+3.30%,+0.06,35,237003,买盘
09:41:01,66.65,+3.33%,+0.02,103,689628,买盘
09:41:04,66.68,+3.38%,+0.03,65,439355,买盘
09:41:07,66.67,+3.36%,-0.01,15,101738,卖盘
09:41:10,66.6,+3.26%,-0.07,92,616117,卖盘
09:41:13,66.66,+3.35%,+0.06,14,96390,买盘
09:41:16,66.67,+3.36%,+0.01,22,148941,买盘
09:41:19,66.66,+3.35%,-0.01,39,259974,卖盘
09:41:22,66.67,+3.36%,+0.01,40,268347,买盘
09:41:25,66.67,+3.36%,--,34,230612,买盘
09:41:28,66.57,+3.21%,-0.1,84,565246,卖盘
09:41:31,66.5,+3.10%,-0.07,85,571501,卖盘
09:41:34,66.57,+3.21%,+0.07,99,662238,买盘
09:41:37,66.57,+3.21%,--,12,81615,买盘
09:41:40,66.57,+3.21%,--,8,58182,卖盘
09:41:43,66.45,+3.02%,-0.12,37,251447,卖盘
09:41:46,66.45,+3.02%,--,3,19935,卖盘
09:41:49,66.45,+3.02%,--,22,146190,卖盘
09:41:52,66.45,+3.02%,--,83,553063,买盘
09:41:55,66.54,+3.16%,+0.09,20,133080,买盘
09:41:58,66.42,+2.98%,-0.12,10,66420,卖盘
09:42:01,66.42,+2.98%,--,41,275444,卖盘
09:42:04,66.42,+2.98%,--,50,333362,卖盘
09:42:07,66.49,+3.09%,+0.07,35,232715,中性盘
09:42:10,66.5,+3.10%,+0.01,59,394079,买盘
09:42:13,66.54,+3.16%,+0.04,28,189506,买盘
09:42:16,66.36,+2.88%,-0.18,32,212817,卖盘
09:42:19,66.4,+2.95%,+0.04,86,573762,买盘
09:42:22,66.52,+3.13%,+0.12,104,691808,买盘
09:42:25,66.57,+3.21%,+0.05,16,110839,买盘
09:42:28,66.54,+3.16%,-0.03,2,13774,买盘
09:42:31,66.57,+3.21%,+0.03,106,708039,买盘
09:42:34,66.56,+3.19%,-0.01,4,26624,卖盘
09:42:37,66.62,+3.29%,+0.06,23,156557,买盘
09:42:43,66.62,+3.29%,--,7,46634,卖盘
09:42:46,66.64,+3.32%,+0.02,54,361922,买盘
09:42:49,66.56,+3.19%,-0.08,48,319488,卖盘
09:42:52,66.63,+3.30%,+0.07,35,233605,买盘
09:42:55,66.56,+3.19%,-0.07,34,229965,卖盘
09:42:58,66.54,+3.16%,-0.02,16,106797,卖盘
09:43:01,66.54,+3.16%,--,10,67338,卖盘
09:43:04,66.62,+3.29%,+0.08,70,472069,买盘
09:43:07,66.56,+3.19%,-0.06,168,1124198,中性盘
09:43:10,66.72,+3.44%,+0.16,29,196957,买盘
09:43:13,66.73,+3.46%,+0.01,66,444489,中性盘
09:43:16,66.9,+3.72%,+0.17,42,281850,买盘
09:43:19,66.9,+3.72%,--,60,406484,卖盘
09:43:22,66.98,+3.84%,+0.08,12,84395,买盘
09:43:25,66.99,+3.86%,+0.01,80,539738,买盘
09:43:28,67.0,+3.88%,+0.01,218,1464084,买盘
09:43:31,67.07,+3.98%,+0.07,113,762653,买盘
09:47:16,66.29,+2.78%,--,37,250775,中性盘
09:47:16,66.29,+2.78%,--,37,250775,卖盘
09:47:19,66.36,+2.88%,+0.07,133,882588,中性盘
09:47:22,66.12,+2.51%,-0.24,8,52896,中性盘
09:47:25,66.22,+2.67%,+0.1,5,38540,中性盘
09:47:28,66.22,+2.67%,--,4,26488,卖盘
09:47:31,66.22,+2.67%,--,0,2053,卖盘
09:47:34,66.18,+2.60%,-0.04,11,76504,中性盘
09:47:37,66.16,+2.57%,-0.02,11,75819,中性盘
09:47:40,66.2,+2.64%,+0.04,54,357546,买盘
09:47:43,66.17,+2.59%,-0.03,7,46319,买盘
09:47:46,66.17,+2.59%,--,27,178659,买盘
09:47:49,66.16,+2.57%,-0.01,2,14754,买盘
09:47:52,66.14,+2.54%,-0.02,28,188367,卖盘
09:47:55,66.19,+2.62%,+0.05,16,105904,买盘
09:47:58,66.2,+2.64%,+0.01,20,137961,买盘
09:48:01,66.15,+2.56%,-0.05,18,124296,卖盘
09:48:04,66.12,+2.51%,-0.03,113,747685,卖盘
09:48:07,66.29,+2.78%,+0.17,46,308116,买盘
09:48:10,66.35,+2.87%,+0.06,4,26540,买盘
09:48:13,66.26,+2.73%,-0.09,12,80837,卖盘
09:48:16,66.31,+2.81%,+0.05,31,211330,买盘
09:48:19,66.33,+2.84%,+0.02,7,48156,卖盘
09:48:22,66.26,+2.73%,-0.07,14,95547,卖盘
09:48:25,66.34,+2.85%,+0.08,254,1687358,买盘
09:48:28,66.3,+2.79%,-0.04,7,46410,中性盘
09:48:31,66.2,+2.64%,-0.1,186,1237013,卖盘
09:48:34,66.33,+2.84%,+0.13,38,255503,买盘
09:48:37,66.32,+2.82%,-0.01,3,19896,买盘
09:48:40,66.28,+2.76%,-0.04,10,67274,卖盘
09:48:43,66.21,+2.65%,-0.07,35,231735,卖盘
09:48:46,66.23,+2.68%,+0.02,19,129149,中性盘
09:48:49,66.28,+2.76%,+0.05,0,3447,买盘
09:48:52,66.27,+2.74%,-0.01,15,102652,卖盘
09:48:55,66.47,+3.05%,+0.2,49,325703,买盘
09:48:58,66.45,+3.02%,-0.02,33,222807,卖盘
09:49:01,66.45,+3.02%,--,36,239818,卖盘
09:49:04,66.45,+3.02%,--,0,0,买盘
09:49:07,66.28,+2.76%,-0.17,11,79205,卖盘
09:49:10,66.25,+2.71%,-0.03,112,746704,卖盘
09:49:13,66.37,+2.90%,+0.12,29,192606,买盘
09:49:16,66.37,+2.90%,--,5,33185,卖盘
09:49:19,66.37,+2.90%,--,32,212450,卖盘
09:49:22,66.37,+2.90%,--,11,78848,卖盘
09:49:25,66.3,+2.79%,-0.07,11,76444,卖盘
09:49:28,66.25,+2.71%,-0.05,4,26500,卖盘
09:49:31,66.2,+2.64%,-0.05,102,681661,卖盘
09:49:34,66.18,+2.60%,-0.02,46,308068,卖盘
09:49:37,66.11,+2.50%,-0.07,8,57516,卖盘
09:49:40,66.06,+2.42%,-0.05,56,376344,卖盘
09:49:43,65.9,+2.17%,-0.16,190,1253748,卖盘
09:49:46,65.96,+2.26%,+0.06,39,262059,中性盘
09:49:49,65.8,+2.02%,-0.16,25,164500,卖盘
09:49:52,65.8,+2.02%,--,13,85540,卖盘
09:49:55,65.8,+2.02%,--,66,436780,卖盘
09:49:58,65.8,+2.02%,--,101,666357,买盘
09:50:01,65.72,+1.89%,-0.08,6,39432,卖盘
09:50:04,65.79,+2.00%,+0.07,25,167436,中性盘
09:50:07,65.78,+1.98%,-0.01,3,19734,卖盘
09:50:10,65.7,+1.86%,-0.08,45,296898,卖盘
09:50:13,65.7,+1.86%,--,70,460491,卖盘
09:50:16,65.7,+1.86%,--,80,529016,卖盘
09:50:19,65.71,+1.88%,+0.01,47,314619,卖盘
09:50:22,65.71,+1.88%,--,40,266126,卖盘
09:50:25,65.66,+1.80%,-0.05,41,272817,卖盘
09:50:28,65.83,+2.06%,+0.17,40,266546,买盘
09:50:31,65.66,+1.80%,-0.17,17,111622,卖盘
09:50:34,65.65,+1.78%,-0.01,59,393047,卖盘
09:50:37,65.65,+1.78%,--,59,387335,卖盘
09:50:40,65.68,+1.83%,+0.03,26,170768,中性盘
09:50:43,65.65,+1.78%,-0.03,72,478851,卖盘
09:50:46,65.65,+1.78%,--,74,491456,卖盘
09:50:49,65.65,+1.78%,--,16,107600,卖盘
09:50:52,65.68,+1.83%,+0.03,82,542911,买盘
09:50:55,65.61,+1.72%,-0.07,95,627363,卖盘
09:50:58,65.61,+1.72%,--,23,150903,卖盘
09:50:58,65.61,+1.72%,--,23,150903,中性盘
09:51:01,65.61,+1.72%,--,14,95135,卖盘
09:51:04,65.61,+1.72%,--,46,301806,卖盘
09:51:07,65.61,+1.72%,--,58,383556,卖盘
09:51:10,65.69,+1.84%,+0.08,52,341588,买盘
09:51:13,65.8,+2.02%,+0.11,19,126994,买盘
09:51:16,65.58,+1.67%,-0.22,58,383709,卖盘
09:51:19,65.84,+2.08%,+0.26,2,13168,买盘
09:51:22,65.69,+1.84%,-0.15,5,32845,卖盘
09:51:28,65.9,+2.17%,+0.21,15,98850,买盘
09:51:31,65.84,+2.08%,-0.06,63,417689,卖盘
09:51:34,65.9,+2.17%,+0.06,43,287917,买盘
09:51:40,65.96,+2.26%,+0.06,2,14115,买盘
09:51:43,65.9,+2.17%,-0.06,5,32950,卖盘
09:51:46,65.9,+2.17%,--,0,0,卖盘
09:51:49,65.97,+2.28%,+0.07,33,224100,买盘
09:51:52,65.91,+2.19%,-0.06,87,573417,卖盘
09:51:55,65.96,+2.26%,+0.05,2,13192,中性盘
09:51:58,65.96,+2.26%,--,15,101117,中性盘
09:52:01,65.84,+2.08%,-0.12,102,671897,卖盘
09:52:04,65.79,+2.00%,-0.05,26,174344,卖盘
09:52:07,65.69,+1.84%,-0.1,9,60829,卖盘
09:52:10,65.71,+1.88%,+0.02,7,45997,中性盘
09:52:13,65.69,+1.84%,-0.02,21,138672,卖盘
09:52:16,65.71,+1.88%,+0.02,8,57431,卖盘
09:52:19,65.71,+1.88%,--,5,36338,卖盘
09:52:22,65.8,+2.02%,+0.09,127,837963,买盘
09:52:25,65.71,+1.88%,-0.09,20,133326,卖盘
09:52:31,65.83,+2.06%,+0.12,8,53915,买盘
09:52:34,65.91,+2.19%,+0.08,12,79092,买盘
09:52:37,65.95,+2.25%,+0.04,68,454593,买盘
09:52:40,65.97,+2.28%,+0.02,19,131214,买盘
09:52:43,65.8,+2.02%,-0.17,157,1037995,卖盘
09:52:46,65.97,+2.28%,+0.17,14,92820,买盘
09:52:49,65.87,+2.12%,-0.1,47,313607,卖盘
09:52:52,65.7,+1.86%,-0.17,225,1483440,卖盘
09:52:55,65.87,+2.12%,+0.17,13,85631,买盘
09:52:58,65.85,+2.09%,-0.02,26,171210,卖盘
09:53:01,65.85,+2.09%,--,8,52680,卖盘
09:53:04,65.9,+2.17%,+0.05,60,398366,中性盘
09:53:07,66.0,+2.33%,+0.1,37,250734,买盘
09:53:10,66.0,+2.33%,--,12,79200,买盘
09:53:16,66.0,+2.33%,--,14,97086,卖盘
09:53:19,66.12,+2.51%,+0.12,17,118752,买盘
09:53:22,66.19,+2.62%,+0.07,8,56063,买盘
09:53:25,66.3,+2.79%,+0.11,40,265200,买盘
09:53:28,66.3,+2.79%,--,4,26520,卖盘
09:53:31,66.31,+2.81%,+0.01,14,95221,买盘
09:53:34,66.31,+2.81%,--,0,0,卖盘
09:53:37,66.46,+3.04%,+0.15,4,26584,买盘
09:53:40,66.5,+3.10%,+0.04,52,347064,买盘
09:53:43,66.5,+3.10%,--,68,453331,卖盘
09:53:46,66.33,+2.84%,-0.17,13,91270,卖盘
09:53:49,66.53,+3.15%,+0.2,69,464845,买盘
09:53:52,66.55,+3.18%,+0.02,4,26953,买盘
09:53:55,66.53,+3.15%,-0.02,15,105783,中性盘
09:53:58,66.49,+3.09%,-0.04,41,277862,卖盘
09:54:01,66.49,+3.09%,--,29,199005,卖盘
09:54:04,66.52,+3.13%,+0.03,10,72507,买盘
09:54:07,66.5,+3.10%,-0.02,11,73616,中性盘
09:54:10,66.2,+2.64%,-0.3,77,511792,卖盘
09:54:13,66.5,+3.10%,+0.3,14,93100,买盘
09:54:16,66.5,+3.10%,--,7,46550,卖盘
09:54:19,66.5,+3.10%,--,40,268860,卖盘
09:54:22,66.55,+3.18%,+0.05,59,396505,买盘
09:54:25,66.55,+3.18%,--,1,6655,买盘
09:54:28,66.5,+3.10%,-0.05,25,169974,卖盘
09:54:31,66.55,+3.18%,+0.05,38,254753,买盘
09:54:34,66.58,+3.22%,+0.03,6,39948,买盘
09:54:37,66.58,+3.22%,--,5,33290,卖盘
09:54:40,66.63,+3.30%,+0.05,4,26652,买盘
10:02:07,67.23,+4.23%,--,5,34960,中性盘
10:02:07,67.23,+4.23%,--,5,34960,买盘
10:02:10,67.22,+4.22%,-0.01,24,164487,买盘
10:02:13,67.23,+4.23%,+0.01,17,118728,买盘
10:02:16,67.27,+4.29%,+0.04,27,187414,买盘
10:02:19,67.27,+4.29%,--,55,369985,买盘
10:02:22,67.26,+4.28%,-0.01,3,21052,买盘
10:02:25,67.23,+4.23%,-0.03,43,295341,卖盘
10:02:28,67.21,+4.20%,-0.02,22,154516,卖盘
10:02:31,67.14,+4.09%,-0.07,2,13428,卖盘
10:02:34,67.12,+4.06%,-0.02,13,92290,卖盘
10:02:37,67.2,+4.19%,+0.08,29,200458,中性盘
10:02:40,67.2,+4.19%,--,10,67200,卖盘
10:02:43,67.2,+4.19%,--,2,14851,卖盘
10:02:49,67.14,+4.09%,-0.06,11,76002,卖盘
10:02:52,67.11,+4.05%,-0.03,26,176365,卖盘
10:02:55,67.18,+4.16%,+0.07,34,233585,买盘
10:02:58,67.16,+4.12%,-0.02,2,13432,中性盘
10:03:01,67.11,+4.05%,-0.05,49,328839,卖盘
10:03:04,67.13,+4.08%,+0.02,4,31685,卖盘
10:03:07,67.09,+4.02%,-0.04,34,228106,卖盘
10:03:10,67.16,+4.12%,+0.07,71,478649,买盘
10:03:13,67.07,+3.98%,-0.09,11,73777,卖盘
10:03:16,67.15,+4.11%,+0.08,4,32232,买盘
10:03:19,67.2,+4.19%,+0.05,35,238090,买盘
10:03:22,67.06,+3.97%,-0.14,22,147532,卖盘
10:03:25,67.21,+4.20%,+0.15,19,129648,买盘
10:03:28,67.23,+4.23%,+0.02,22,148982,买盘
10:03:31,67.4,+4.50%,+0.17,19,128127,买盘
10:03:34,67.43,+4.54%,+0.03,45,306739,买盘
10:03:37,67.45,+4.57%,+0.02,9,60772,买盘
10:03:40,67.4,+4.50%,-0.05,30,207996,卖盘
10:03:43,67.45,+4.57%,+0.05,6,46945,中性盘
10:03:46,67.4,+4.50%,-0.05,32,217095,卖盘
10:03:49,67.45,+4.57%,+0.05,44,299613,买盘
10:03:52,67.45,+4.57%,--,7,53690,卖盘
10:03:55,67.45,+4.57%,--,53,359239,买盘
10:03:58,67.4,+4.50%,-0.05,23,156907,卖盘
10:04:01,67.45,+4.57%,+0.05,97,656491,买盘
10:04:04,67.53,+4.70%,+0.08,37,252157,买盘
10:04:07,67.4,+4.50%,-0.13,15,101437,卖盘
10:04:10,67.52,+4.68%,+0.12,36,244220,买盘
10:04:13,67.38,+4.47%,-0.14,26,176199,卖盘
10:04:16,67.6,+4.81%,+0.22,96,649501,买盘
10:04:19,67.69,+4.95%,+0.09,62,421912,买盘
10:04:22,67.67,+4.91%,-0.02,10,68008,买盘
10:04:25,67.55,+4.73%,-0.12,6,45191,卖盘
10:04:28,67.63,+4.85%,+0.08,15,101851,买盘
10:04:31,67.76,+5.05%,+0.13,50,338800,买盘
10:04:34,67.75,+5.04%,-0.01,3,23238,中性盘
10:04:37,67.73,+5.01%,-0.02,12,81276,中性盘
10:04:40,67.73,+5.01%,--,14,96515,卖盘
10:04:43,67.75,+5.04%,+0.02,44,300675,中性盘
10:04:46,67.75,+5.04%,--,19,129064,买盘
10:04:49,67.96,+5.36%,+0.21,92,628290,买盘
10:04:52,67.8,+5.12%,-0.16,9,61020,中性盘
10:04:55,67.94,+5.33%,+0.14,7,52993,中性盘
10:04:58,67.78,+5.09%,-0.16,12,81336,卖盘
10:05:01,67.93,+5.32%,+0.15,19,134501,买盘
10:05:04,67.95,+5.35%,+0.02,53,361902,买盘
10:05:07,67.95,+5.35%,--,88,604211,卖盘
10:05:10,67.95,+5.35%,--,4,27180,买盘
10:05:13,67.95,+5.35%,--,0,0,买盘
10:05:16,67.95,+5.35%,--,50,342332,买盘
10:05:19,68.0,+5.43%,+0.05,247,1681708,买盘
10:05:22,68.1,+5.58%,+0.1,164,1120858,买盘
10:05:25,68.03,+5.47%,-0.07,16,108848,卖盘
10:05:28,68.09,+5.57%,+0.06,85,580467,买盘
10:05:31,67.95,+5.35%,-0.14,53,365707,卖盘
10:05:34,68.09,+5.57%,+0.14,58,398599,买盘
10:05:37,68.21,+5.75%,+0.12,577,3940560,买盘
10:05:40,68.27,+5.84%,+0.06,91,627333,买盘
10:05:43,68.3,+5.89%,+0.03,121,827728,买盘
10:05:46,68.3,+5.89%,--,39,267668,买盘
10:05:49,68.3,+5.89%,--,6,40980,卖盘
10:05:49,68.3,+5.89%,--,6,40980,中性盘
10:05:52,68.37,+6.00%,+0.07,8,56679,买盘
10:05:55,68.3,+5.89%,-0.07,30,205993,卖盘
10:05:58,68.3,+5.89%,--,2,13660,卖盘
10:06:01,68.25,+5.81%,-0.05,447,3052959,卖盘
10:06:04,67.97,+5.38%,-0.28,490,3330802,卖盘
10:06:07,67.88,+5.24%,-0.09,92,629926,卖盘
10:06:10,67.96,+5.36%,+0.08,27,184036,中性盘
10:06:13,68.1,+5.58%,+0.14,26,177060,买盘
10:06:16,68.11,+5.60%,+0.01,15,102165,买盘
10:06:19,67.96,+5.36%,-0.15,5,37650,卖盘
10:06:22,67.91,+5.29%,-0.05,4,27232,卖盘
10:06:25,67.88,+5.24%,-0.03,8,58580,卖盘
10:06:28,67.88,+5.24%,--,4,27152,买盘
10:06:31,67.96,+5.36%,+0.08,27,186890,买盘
10:06:34,67.91,+5.29%,-0.05,30,203730,卖盘
10:06:37,67.91,+5.29%,--,24,167262,卖盘
10:06:40,67.96,+5.36%,+0.05,38,261646,买盘
10:06:43,67.91,+5.29%,-0.05,34,234086,卖盘
10:06:46,67.96,+5.36%,+0.05,19,133202,买盘
10:06:49,67.91,+5.29%,-0.05,10,67910,卖盘
10:06:52,67.96,+5.36%,+0.05,18,127493,买盘
10:06:55,67.92,+5.30%,-0.04,23,162533,卖盘
10:06:58,68.0,+5.43%,+0.08,55,379236,买盘
10:07:01,68.0,+5.43%,--,7,50728,卖盘
10:07:04,68.05,+5.50%,+0.05,18,122490,中性盘
10:07:07,68.0,+5.43%,-0.05,138,944520,卖盘
10:07:10,67.92,+5.30%,-0.08,11,77633,卖盘
10:07:13,67.91,+5.29%,-0.01,36,246921,卖盘
10:07:16,67.88,+5.24%,-0.03,353,2399965,卖盘
10:07:19,67.88,+5.24%,--,17,120012,买盘
10:07:22,67.75,+5.04%,-0.13,6,40650,卖盘
10:07:25,67.76,+5.05%,+0.01,3,20328,买盘
10:07:28,67.8,+5.12%,+0.04,58,395071,中性盘
10:07:31,67.81,+5.13%,+0.01,1,6781,中性盘
10:07:34,67.8,+5.12%,-0.01,22,149160,卖盘
10:07:37,67.8,+5.12%,--,8,54240,买盘
10:07:40,67.62,+4.84%,-0.18,118,798930,卖盘
10:07:43,67.76,+5.05%,+0.14,13,93102,买盘
10:07:46,67.76,+5.05%,--,8,58545,买盘
10:07:52,67.76,+5.05%,+0.01,7,50075,买盘
10:07:55,67.76,+5.05%,--,3,26901,买盘
10:07:58,67.7,+4.96%,-0.06,20,135603,卖盘
10:08:01,67.76,+5.05%,+0.06,10,67896,买盘
10:08:04,67.85,+5.19%,+0.09,7,48988,中性盘
10:08:07,67.76,+5.05%,-0.09,56,383386,卖盘
10:08:10,67.78,+5.09%,+0.02,2,13556,卖盘
10:08:13,67.78,+5.09%,--,0,0,卖盘
10:08:16,67.85,+5.19%,+0.07,16,113310,买盘
10:08:19,67.8,+5.12%,-0.05,7,47460,卖盘
10:08:22,67.85,+5.19%,+0.05,7,50888,买盘
10:08:25,67.85,+5.19%,--,29,197376,买盘
10:08:28,67.81,+5.13%,-0.04,6,40686,卖盘
10:08:31,67.8,+5.12%,-0.01,4,30917,卖盘
10:08:34,67.77,+5.07%,-0.03,13,88169,卖盘
10:08:37,67.74,+5.02%,-0.03,14,95852,卖盘
10:08:40,67.68,+4.93%,-0.06,54,368112,卖盘
10:08:43,67.62,+4.84%,-0.06,12,84660,卖盘
10:08:46,67.7,+4.96%,+0.08,10,67700,买盘
10:08:49,67.65,+4.88%,-0.05,10,74077,中性盘
10:08:52,67.6,+4.81%,-0.05,12,81120,卖盘
10:08:55,67.58,+4.78%,-0.02,25,175235,卖盘
10:08:58,67.59,+4.79%,+0.01,10,67590,卖盘
10:09:01,67.65,+4.88%,+0.06,7,48302,买盘
10:09:04,67.71,+4.98%,+0.06,71,483449,买盘
10:09:07,67.68,+4.93%,-0.03,61,412848,卖盘
10:09:10,67.71,+4.98%,+0.03,49,333946,卖盘
10:09:13,67.85,+5.19%,+0.14,4,27140,买盘
10:09:16,67.85,+5.19%,--,5,38335,买盘
10:09:19,67.8,+5.12%,-0.05,2,13560,中性盘
10:09:22,67.86,+5.21%,+0.06,17,119705,买盘
10:09:25,67.8,+5.12%,-0.06,16,111802,卖盘
10:09:28,67.85,+5.19%,+0.05,16,113852,买盘
10:09:31,67.85,+5.19%,--,16,108628,买盘
10:13:10,67.63,+4.85%,-0.01,42,286886,中性盘
10:13:16,67.62,+4.84%,-0.01,23,158569,卖盘
10:13:19,67.51,+4.67%,-0.11,140,949596,卖盘
10:13:22,67.3,+4.34%,-0.21,98,660482,卖盘
10:13:25,67.25,+4.26%,-0.05,47,316075,卖盘
10:13:28,67.31,+4.36%,+0.06,23,154813,中性盘
10:13:31,67.4,+4.50%,+0.09,50,340370,买盘
10:13:34,67.43,+4.54%,+0.03,13,93458,买盘
10:13:37,67.3,+4.34%,-0.13,38,255942,卖盘
10:13:40,67.4,+4.50%,+0.1,24,168230,中性盘
10:13:43,67.49,+4.64%,+0.09,20,138287,买盘
10:13:46,67.49,+4.64%,--,13,91719,中性盘
10:13:49,67.49,+4.64%,--,8,57164,买盘
10:13:52,67.4,+4.50%,-0.09,30,207794,卖盘
10:13:55,67.4,+4.50%,--,0,0,卖盘
10:13:58,67.4,+4.50%,--,0,0,中性盘
10:14:01,67.4,+4.50%,--,17,119028,卖盘
10:14:04,67.4,+4.50%,--,12,85396,卖盘
10:14:07,67.35,+4.42%,-0.05,8,59739,卖盘
10:14:10,67.33,+4.39%,-0.02,38,257537,卖盘
10:14:16,67.4,+4.50%,+0.07,5,36598,买盘
10:14:19,67.33,+4.39%,-0.07,9,60597,卖盘
10:14:22,67.32,+4.37%,-0.01,7,51769,卖盘
10:14:25,67.33,+4.39%,+0.01,5,35752,买盘
10:14:31,67.32,+4.37%,-0.01,82,552159,卖盘
10:14:34,67.32,+4.37%,--,16,112424,买盘
10:14:37,67.33,+4.39%,+0.01,14,100456,买盘
10:14:40,67.35,+4.42%,+0.02,14,94627,买盘
10:14:46,67.4,+4.50%,+0.05,79,536504,买盘
10:14:49,67.48,+4.62%,+0.08,11,75173,买盘
10:14:52,67.4,+4.50%,-0.08,2,15165,卖盘
10:14:55,67.48,+4.62%,+0.08,2,13496,中性盘
10:14:58,67.4,+4.50%,-0.08,6,41721,卖盘
10:15:01,67.39,+4.48%,-0.01,19,134173,卖盘
10:15:04,67.4,+4.50%,+0.01,3,26286,买盘
10:15:07,67.41,+4.51%,+0.01,3,21841,卖盘
10:15:10,67.41,+4.51%,--,13,90666,卖盘
10:15:13,67.36,+4.43%,-0.05,15,106294,卖盘
10:15:16,67.31,+4.36%,-0.05,148,1001236,卖盘
10:15:19,67.25,+4.26%,-0.06,35,239343,卖盘
10:15:22,67.25,+4.26%,--,14,94150,买盘
10:15:25,67.2,+4.19%,-0.05,36,244205,卖盘
10:15:28,67.16,+4.12%,-0.04,28,188048,卖盘
10:15:31,67.2,+4.19%,+0.04,35,239770,中性盘
10:15:34,67.16,+4.12%,-0.04,28,189996,卖盘
10:15:37,67.2,+4.19%,+0.04,8,57792,买盘
10:15:40,67.24,+4.25%,+0.04,14,100188,买盘
10:15:43,67.32,+4.37%,+0.08,100,677643,买盘
10:15:46,67.3,+4.34%,-0.02,7,47918,卖盘
10:15:49,67.41,+4.51%,+0.11,3,20223,买盘
10:15:52,67.31,+4.36%,-0.1,10,70406,卖盘
10:15:58,67.32,+4.37%,+0.01,34,233937,卖盘
10:16:01,67.32,+4.37%,--,3,24101,买盘
10:16:04,67.41,+4.51%,+0.09,5,38154,买盘
10:16:07,67.41,+4.51%,--,8,53928,买盘
10:16:10,67.41,+4.51%,--,115,775889,买盘
10:16:13,67.34,+4.40%,-0.07,5,34141,卖盘
10:16:16,67.47,+4.60%,+0.13,42,288097,买盘
10:16:19,67.5,+4.65%,+0.03,95,642465,买盘
10:16:22,67.58,+4.78%,+0.08,6,41224,买盘
10:16:25,67.66,+4.90%,+0.08,2,13532,买盘
10:16:28,67.56,+4.74%,-0.1,2,13512,中性盘
10:16:31,67.56,+4.74%,--,0,0,中性盘
10:16:34,67.59,+4.79%,+0.03,11,79891,卖盘
10:16:37,67.51,+4.67%,-0.08,103,696028,卖盘
10:16:40,67.52,+4.68%,+0.01,34,229568,买盘
10:16:43,67.52,+4.68%,--,0,0,中性盘
10:16:46,67.64,+4.87%,+0.12,48,330557,买盘
10:16:49,67.63,+4.85%,-0.01,12,84740,中性盘
10:16:55,67.6,+4.81%,-0.03,42,289125,卖盘
10:16:58,67.6,+4.81%,--,37,250120,中性盘
10:16:58,67.6,+4.81%,--,37,250120,卖盘
10:17:01,67.6,+4.81%,--,29,196040,卖盘
10:17:04,67.61,+4.82%,+0.01,52,356981,卖盘
10:17:07,67.62,+4.84%,+0.01,46,313081,买盘
10:17:10,67.62,+4.84%,--,23,155526,卖盘
10:17:13,67.63,+4.85%,+0.01,32,218445,中性盘
10:17:16,67.63,+4.85%,--,58,393404,卖盘
10:17:19,67.63,+4.85%,--,0,0,买盘
10:17:22,67.62,+4.84%,-0.01,2,13524,买盘
10:17:25,67.49,+4.64%,-0.13,47,322467,卖盘
10:17:28,67.47,+4.60%,-0.02,8,53976,卖盘
10:17:31,67.47,+4.60%,--,15,106468,买盘
10:17:37,67.41,+4.51%,-0.06,8,54198,卖盘
10:17:40,67.41,+4.51%,--,15,106373,买盘
10:17:43,67.34,+4.40%,-0.07,16,111448,卖盘
10:17:46,67.34,+4.40%,--,0,3030,买盘
10:17:49,67.4,+4.50%,+0.06,22,150437,买盘
10:17:52,67.41,+4.51%,+0.01,18,125989,买盘
10:17:58,67.41,+4.51%,--,15,105092,卖盘
10:18:01,67.47,+4.60%,+0.06,10,67470,买盘
10:18:04,67.42,+4.53%,-0.05,3,20226,卖盘
10:18:07,67.43,+4.54%,+0.01,143,967688,卖盘
10:18:10,67.43,+4.54%,--,4,30681,买盘
10:18:13,67.43,+4.54%,--,126,852922,卖盘
10:18:16,67.43,+4.54%,--,1,8361,买盘
10:18:19,67.5,+4.65%,+0.07,8,54000,买盘
10:18:22,67.5,+4.65%,--,27,184005,买盘
10:18:25,67.62,+4.84%,+0.12,22,148764,买盘
10:18:28,67.62,+4.84%,--,7,47402,买盘
10:18:31,67.61,+4.82%,-0.01,15,102767,卖盘
10:18:34,67.64,+4.87%,+0.03,9,63311,买盘
10:18:37,67.64,+4.87%,--,2,13866,买盘
10:18:40,67.64,+4.87%,--,2,13528,买盘
10:18:43,67.61,+4.82%,-0.03,2,13522,卖盘
10:18:46,67.65,+4.88%,+0.04,5,39778,买盘
10:18:49,67.66,+4.90%,+0.01,4,33356,买盘
10:18:52,67.67,+4.91%,+0.01,5,39046,买盘
10:18:55,67.7,+4.96%,+0.03,2,13946,买盘
10:19:01,67.71,+4.98%,+0.01,29,202724,买盘
10:19:04,67.68,+4.93%,-0.03,2,15972,卖盘
10:19:07,67.7,+4.96%,+0.02,2,13540,卖盘
10:19:10,67.82,+5.15%,+0.12,18,122076,买盘
10:19:13,67.7,+4.96%,-0.12,8,54160,卖盘
10:19:16,67.74,+5.02%,+0.04,6,42541,买盘
10:19:19,67.75,+5.04%,+0.01,13,88956,买盘
10:19:22,67.75,+5.04%,--,13,93292,买盘
10:19:25,67.67,+4.91%,-0.08,8,54136,卖盘
10:19:28,67.67,+4.91%,--,2,13534,卖盘
10:19:31,67.75,+5.04%,+0.08,20,141530,买盘
10:19:34,67.75,+5.04%,--,15,105080,卖盘
10:19:37,67.8,+5.12%,+0.05,6,44070,买盘
10:19:40,67.75,+5.04%,-0.05,8,57588,卖盘
10:19:43,67.75,+5.04%,--,14,98441,买盘
10:19:46,67.75,+5.04%,--,10,68428,买盘
10:19:49,67.75,+5.04%,--,13,88414,买盘
10:19:52,67.79,+5.10%,+0.04,39,271092,买盘
10:19:55,67.8,+5.12%,+0.01,2,13560,买盘
10:19:57,67.67,+4.91%,-0.13,22,148874,卖盘
10:20:01,67.67,+4.91%,--,76,518623,卖盘
10:20:04,67.86,+5.21%,+0.19,18,128255,买盘
10:20:07,67.86,+5.21%,--,0,0,买盘
10:20:10,67.85,+5.19%,-0.01,16,113920,买盘
10:20:16,67.99,+5.41%,+0.14,26,178134,买盘
10:20:19,67.87,+5.22%,-0.12,2,13642,卖盘
10:20:22,67.99,+5.41%,+0.12,9,64658,买盘
10:20:25,67.99,+5.41%,--,18,127889,买盘
10:20:28,67.99,+5.41%,--,0,0,买盘
10:20:31,67.96,+5.36%,-0.03,11,80736,买盘
10:20:34,67.88,+5.24%,-0.08,2,14051,卖盘
10:20:37,68.0,+5.43%,+0.12,65,447440,买盘
10:20:40,67.89,+5.26%,-0.11,60,413246,卖盘
10:24:22,67.15,+4.11%,-0.06,77,517055,中性盘
10:24:25,67.09,+4.02%,-0.06,5,33545,中性盘
10:24:28,67.08,+4.00%,-0.01,4,32131,卖盘
10:24:34,67.08,+4.00%,--,15,100620,卖盘
10:24:37,67.08,+4.00%,--,24,162602,卖盘
10:24:40,67.08,+4.00%,--,8,54603,买盘
10:24:46,67.08,+4.00%,--,8,54066,买盘
10:24:49,67.08,+4.00%,--,5,33540,买盘
10:24:52,67.08,+4.00%,--,4,26832,买盘
10:24:55,67.08,+4.00%,--,17,120543,买盘
10:24:58,67.08,+4.00%,--,135,909135,买盘
10:25:01,67.08,+4.00%,--,7,46956,买盘
10:25:04,67.08,+4.00%,--,6,46352,买盘
10:25:07,67.08,+4.00%,--,59,397919,买盘
10:25:10,67.13,+4.08%,+0.05,86,582688,买盘
10:25:13,67.2,+4.19%,+0.07,32,220282,买盘
10:25:16,67.29,+4.33%,+0.09,2,13458,买盘
10:25:19,67.2,+4.19%,-0.09,4,29098,卖盘
10:25:25,67.25,+4.26%,+0.05,2,13450,中性盘
10:25:28,67.29,+4.33%,+0.04,2,13794,买盘
10:25:34,67.25,+4.26%,-0.04,7,52926,卖盘
10:25:37,67.29,+4.33%,+0.04,2,13458,买盘
10:25:40,67.29,+4.33%,--,6,44479,买盘
10:25:46,67.36,+4.43%,+0.07,2,14887,买盘
10:25:49,67.3,+4.34%,-0.06,2,13460,中性盘
10:25:55,67.36,+4.43%,+0.06,3,25597,买盘
10:26:01,67.36,+4.43%,--,19,132901,卖盘
10:26:04,67.3,+4.34%,-0.06,2,13460,卖盘
10:26:07,67.31,+4.36%,+0.01,4,30491,卖盘
10:26:10,67.29,+4.33%,-0.02,28,188412,卖盘
10:26:13,67.29,+4.33%,--,12,86333,卖盘
10:26:16,67.29,+4.33%,--,6,40374,买盘
10:26:19,67.29,+4.33%,--,18,125563,买盘
10:26:22,67.18,+4.16%,-0.11,42,288202,卖盘
10:26:25,67.1,+4.03%,-0.08,2,14292,卖盘
10:26:28,67.2,+4.19%,+0.1,2,13440,买盘
10:26:31,67.1,+4.03%,-0.1,2,13420,卖盘
10:26:34,67.11,+4.05%,+0.01,4,32347,卖盘
10:26:40,67.1,+4.03%,-0.01,51,343284,卖盘
10:26:46,67.1,+4.03%,--,5,38247,买盘
10:26:49,67.1,+4.03%,--,14,95148,卖盘
10:26:52,67.09,+4.02%,-0.01,12,80508,中性盘
10:26:55,67.08,+4.00%,-0.01,16,113365,卖盘
10:27:01,67.03,+3.92%,-0.05,250,1680241,卖盘
10:27:04,67.08,+4.00%,+0.05,4,32333,卖盘
10:27:13,67.09,+4.02%,+0.01,6,40254,卖盘
10:27:22,67.04,+3.94%,-0.05,41,278015,卖盘
10:27:25,66.93,+3.77%,-0.11,257,1720770,卖盘
10:27:28,66.88,+3.69%,-0.05,67,449701,卖盘
10:27:31,66.88,+3.69%,--,7,50762,买盘
10:27:34,66.81,+3.58%,-0.07,13,87722,卖盘
10:27:37,66.82,+3.60%,+0.01,2,13364,中性盘
10:27:43,66.81,+3.58%,-0.01,6,40086,卖盘
10:27:46,66.85,+3.64%,+0.04,2,13370,买盘
10:27:52,66.81,+3.58%,-0.04,62,415024,卖盘
10:27:55,66.81,+3.58%,--,25,167359,卖盘
10:27:57,66.81,+3.58%,--,4,26724,卖盘
10:28:01,66.88,+3.69%,+0.07,15,100320,买盘
10:28:04,66.8,+3.57%,-0.08,42,282831,卖盘
10:39:13,66.92,+3.75%,--,5,33460,中性盘
10:39:16,66.92,+3.75%,--,24,160608,买盘
10:39:19,66.98,+3.84%,+0.06,14,98193,买盘
10:39:22,66.99,+3.86%,+0.01,2,15676,买盘
10:39:25,67.0,+3.88%,+0.01,3,20100,买盘
10:39:28,67.01,+3.89%,+0.01,7,46907,买盘
10:39:31,67.01,+3.89%,--,0,2680,买盘
10:39:34,67.04,+3.94%,+0.03,4,26816,买盘
10:39:37,67.04,+3.94%,--,2,13877,卖盘
10:39:40,67.1,+4.03%,+0.06,2,13420,买盘
10:39:43,67.2,+4.19%,+0.1,2,13978,买盘
10:39:46,67.1,+4.03%,-0.1,10,67234,卖盘
10:39:49,67.1,+4.03%,--,4,30933,卖盘
10:39:52,67.1,+4.03%,--,0,0,卖盘
10:39:58,67.2,+4.19%,+0.1,25,173846,买盘
10:40:04,67.2,+4.19%,--,0,0,买盘
10:40:07,67.1,+4.03%,-0.1,7,46970,卖盘
10:40:10,67.15,+4.11%,+0.05,19,133629,买盘
10:40:13,67.22,+4.22%,+0.07,32,217053,买盘
10:40:16,67.29,+4.33%,+0.07,13,87813,买盘
10:40:19,67.23,+4.23%,-0.06,4,26892,卖盘
10:40:22,67.23,+4.23%,--,0,2824,卖盘
10:40:25,67.29,+4.33%,+0.06,30,201870,买盘
10:40:28,67.23,+4.23%,-0.06,5,33615,买盘
10:40:31,67.23,+4.23%,--,12,83365,买盘
10:40:34,67.21,+4.20%,-0.02,33,224145,卖盘
10:40:37,67.21,+4.20%,--,0,0,中性盘
10:40:40,67.23,+4.23%,+0.02,43,291106,买盘
10:40:43,67.23,+4.23%,--,6,45044,卖盘
10:40:49,67.19,+4.17%,-0.04,2,13438,买盘
10:40:55,67.12,+4.06%,-0.07,5,33560,卖盘
10:40:58,67.11,+4.05%,-0.01,8,54628,卖盘
10:41:01,67.11,+4.05%,--,9,62412,卖盘
10:41:04,67.06,+3.97%,-0.05,9,64512,卖盘
10:41:10,67.06,+3.97%,--,0,0,中性盘
10:41:13,67.07,+3.98%,+0.01,9,65863,买盘
10:41:16,67.08,+4.00%,+0.01,2,13416,买盘
10:41:19,67.01,+3.89%,-0.07,4,26804,卖盘
10:41:25,66.99,+3.86%,-0.02,31,210617,卖盘
10:41:28,67.0,+3.88%,+0.01,3,20100,中性盘
10:41:37,67.07,+3.98%,+0.07,50,335350,买盘
10:41:40,66.86,+3.66%,-0.21,4,26744,卖盘
10:41:43,66.86,+3.66%,--,0,0,卖盘
10:41:46,66.96,+3.81%,+0.1,2,15401,买盘
10:41:49,67.02,+3.91%,+0.06,24,162322,买盘
10:42:13,67.0,+3.88%,-0.02,2,14606,买盘
10:42:16,67.0,+3.88%,--,4,28877,买盘
10:42:22,66.89,+3.71%,-0.11,7,47224,卖盘
10:42:25,66.88,+3.69%,-0.01,7,50093,卖盘
10:42:28,66.87,+3.67%,-0.01,8,53763,卖盘
10:42:31,66.88,+3.69%,+0.01,23,157034,买盘
10:42:34,66.88,+3.69%,--,12,84403,卖盘
10:42:37,66.8,+3.57%,-0.08,5,33534,卖盘
10:42:40,66.88,+3.69%,+0.08,8,57918,买盘
10:42:46,66.8,+3.57%,-0.08,2,13360,中性盘
10:42:48,66.8,+3.57%,--,8,55644,卖盘
10:42:51,66.8,+3.57%,--,2,13360,买盘
10:42:55,66.79,+3.55%,-0.01,13,90300,卖盘
10:46:40,67.03,+3.92%,--,9,62740,中性盘
10:46:40,67.03,+3.92%,--,9,62740,卖盘
10:46:43,67.03,+3.92%,--,40,272410,卖盘
10:46:46,67.13,+4.08%,+0.1,69,465547,买盘
10:46:49,67.14,+4.09%,+0.01,7,51631,买盘
10:46:52,67.13,+4.08%,-0.01,2,13426,买盘
10:46:55,66.93,+3.77%,-0.2,64,428620,卖盘
10:47:04,66.93,+3.77%,--,6,43371,卖盘
10:47:07,66.9,+3.72%,-0.03,7,49305,卖盘
10:47:10,66.9,+3.72%,--,4,33383,卖盘
10:47:13,67.14,+4.09%,+0.24,115,773789,买盘
10:47:16,67.11,+4.05%,-0.03,21,145562,中性盘
10:47:22,67.11,+4.05%,--,0,0,买盘
10:47:28,67.07,+3.98%,-0.04,3,20121,中性盘
10:47:31,67.07,+3.98%,--,0,0,买盘
10:47:34,66.92,+3.75%,-0.15,2,13384,卖盘
10:47:37,67.02,+3.91%,+0.1,19,133504,买盘
10:47:40,66.91,+3.74%,-0.11,2,13382,卖盘
10:47:43,66.9,+3.72%,-0.01,4,26760,卖盘
10:47:46,66.92,+3.75%,+0.02,2,16797,买盘
10:47:49,66.92,+3.75%,--,0,0,买盘
10:47:52,66.91,+3.74%,-0.01,2,15523,卖盘
10:48:04,66.91,+3.74%,--,2,15456,买盘
10:48:10,66.9,+3.72%,-0.01,5,33450,卖盘
10:48:13,66.86,+3.66%,-0.04,11,79697,卖盘
10:48:16,66.86,+3.66%,--,9,60709,卖盘
10:48:19,66.85,+3.64%,-0.01,1,6685,卖盘
10:48:25,66.85,+3.64%,--,7,52410,卖盘
10:48:28,66.85,+3.64%,--,8,59363,卖盘
10:48:37,66.84,+3.63%,-0.01,2,13368,卖盘
10:48:46,66.85,+3.64%,+0.01,2,14172,买盘
10:48:49,66.84,+3.63%,-0.01,11,73524,卖盘
10:48:52,66.84,+3.63%,--,1,8355,卖盘
10:48:58,66.8,+3.57%,-0.04,4,26720,卖盘
10:49:01,66.8,+3.57%,--,2,13360,卖盘
10:49:04,66.8,+3.57%,--,2,15898,卖盘
10:49:07,66.8,+3.57%,--,23,155644,卖盘
10:49:10,66.79,+3.55%,-0.01,11,74137,中性盘
10:49:13,66.78,+3.53%,-0.01,0,5543,卖盘
10:49:16,66.77,+3.52%,-0.01,4,26708,卖盘
10:49:19,66.77,+3.52%,--,18,122523,卖盘
10:49:22,66.7,+3.41%,-0.07,7,47424,卖盘
10:49:25,66.71,+3.43%,+0.01,4,28085,中性盘
10:49:28,66.7,+3.41%,-0.01,36,244522,卖盘
10:49:31,66.63,+3.30%,-0.07,14,97013,卖盘
10:49:34,66.63,+3.30%,--,3,21255,卖盘
10:49:37,66.61,+3.27%,-0.02,2,14854,卖盘
10:49:40,66.61,+3.27%,--,2,13322,买盘
10:49:43,66.52,+3.13%,-0.09,4,28936,卖盘
10:49:46,66.52,+3.13%,--,0,0,卖盘
10:49:52,66.63,+3.30%,+0.11,2,13326,买盘
10:49:55,66.63,+3.30%,--,6,46308,买盘
10:49:58,66.63,+3.30%,--,0,0,买盘
10:50:01,66.62,+3.29%,-0.01,5,36175,中性盘
10:50:04,66.63,+3.30%,+0.01,4,26652,买盘
10:50:10,66.71,+3.43%,+0.08,47,313604,买盘
10:50:13,66.73,+3.46%,+0.02,2,13346,买盘
10:50:16,66.78,+3.53%,+0.05,9,63708,买盘
10:50:19,66.74,+3.47%,-0.04,3,26496,卖盘
10:50:19,66.74,+3.47%,--,3,26496,中性盘
10:50:28,66.74,+3.47%,--,0,0,卖盘
10:50:34,66.77,+3.52%,+0.03,4,29178,买盘
10:50:40,66.76,+3.50%,-0.01,2,17491,卖盘
10:50:43,66.76,+3.50%,--,2,13352,卖盘
10:50:46,66.76,+3.50%,--,8,56012,卖盘
10:50:49,66.74,+3.47%,-0.02,4,28898,卖盘
10:50:52,66.69,+3.40%,-0.05,2,13338,卖盘
10:50:55,66.67,+3.36%,-0.02,3,20001,卖盘
10:51:01,66.74,+3.47%,+0.07,8,56596,买盘
10:51:10,66.76,+3.50%,+0.02,10,66760,买盘
10:51:13,66.74,+3.47%,-0.02,5,36173,卖盘
10:51:16,66.76,+3.50%,+0.02,2,15288,买盘
10:51:28,66.76,+3.50%,--,18,123907,买盘
10:51:31,66.74,+3.47%,-0.02,3,21957,卖盘
10:51:37,66.76,+3.50%,+0.02,15,106349,买盘
10:51:40,66.76,+3.50%,--,4,26771,卖盘
10:51:46,66.76,+3.50%,--,5,34715,卖盘
10:51:49,66.76,+3.50%,--,0,0,买盘
10:51:55,66.74,+3.47%,-0.02,9,65338,卖盘
10:51:58,66.74,+3.47%,--,2,13548,卖盘
10:52:01,66.74,+3.47%,--,6,40044,卖盘
10:52:04,66.74,+3.47%,--,7,51390,卖盘
10:52:13,66.75,+3.49%,+0.01,2,13350,卖盘
10:52:22,66.75,+3.49%,--,4,26700,卖盘
10:52:31,66.76,+3.50%,+0.01,9,60084,买盘
10:52:37,66.75,+3.49%,-0.01,6,45524,卖盘
10:52:40,66.75,+3.49%,--,9,63346,卖盘
10:52:43,66.75,+3.49%,--,16,110204,买盘
10:52:46,66.78,+3.53%,+0.03,20,133560,买盘
10:52:49,66.76,+3.50%,-0.02,3,26303,买盘
10:52:55,66.84,+3.63%,+0.08,22,149321,买盘
10:52:58,66.77,+3.52%,-0.07,2,13354,卖盘
10:53:01,66.81,+3.58%,+0.04,3,22248,买盘
10:53:04,66.91,+3.74%,+0.1,11,77147,买盘
10:53:07,66.93,+3.77%,+0.02,5,37882,买盘
10:53:10,67.02,+3.91%,+0.09,11,77810,买盘
10:53:13,67.02,+3.91%,--,13,92018,买盘
10:53:16,67.06,+3.97%,+0.04,17,114740,买盘
10:53:25,67.06,+3.97%,--,10,67060,买盘
10:53:28,67.06,+3.97%,--,6,45802,买盘
10:53:31,66.98,+3.84%,-0.08,3,21969,卖盘
10:53:34,67.06,+3.97%,+0.08,8,55325,买盘
10:53:37,67.08,+4.00%,+0.02,4,26832,买盘
10:53:40,67.06,+3.97%,-0.02,12,84160,买盘
10:53:43,67.06,+3.97%,--,8,59348,卖盘
10:53:46,67.08,+4.00%,+0.02,5,35619,买盘
10:53:55,67.03,+3.92%,-0.05,6,42363,卖盘
10:53:58,67.01,+3.89%,-0.02,10,69757,卖盘
10:54:04,67.1,+4.03%,+0.09,56,380323,买盘
10:54:04,67.1,+4.03%,--,56,380323,中性盘
10:54:07,67.1,+4.03%,--,0,0,买盘
10:54:09,67.1,+4.03%,--,5,33550,买盘
10:54:13,67.1,+4.03%,--,9,62470,买盘
10:54:16,66.94,+3.78%,-0.16,21,140574,卖盘
10:54:19,67.01,+3.89%,+0.07,3,22314,卖盘
10:54:22,66.94,+3.78%,-0.07,3,26642,卖盘
10:54:25,66.93,+3.77%,-0.01,12,80985,卖盘
10:54:28,66.92,+3.75%,-0.01,15,101451,卖盘
10:54:31,66.94,+3.78%,+0.02,8,56230,买盘
10:54:34,66.91,+3.74%,-0.03,2,13382,卖盘
10:54:37,66.91,+3.74%,--,0,0,买盘
10:54:40,66.91,+3.74%,--,0,0,中性盘
10:54:46,66.91,+3.74%,--,2,13382,买盘
10:54:49,66.85,+3.64%,-0.06,3,22796,卖盘
10:54:52,66.85,+3.64%,--,24,162780,卖盘
10:54:55,66.84,+3.63%,-0.01,12,80876,卖盘
10:54:58,66.84,+3.63%,--,9,66773,卖盘
10:55:01,66.84,+3.63%,--,2,13435,买盘
10:55:07,66.84,+3.63%,--,1,13167,卖盘
10:55:10,66.84,+3.63%,--,2,13368,买盘
10:55:13,66.81,+3.58%,-0.03,2,17838,卖盘
10:55:16,66.81,+3.58%,--,1,8552,买盘
10:55:19,66.81,+3.58%,--,2,17237,卖盘
10:55:22,66.81,+3.58%,--,1,12026,买盘
10:55:25,66.91,+3.74%,+0.1,36,244422,买盘
10:55:28,66.91,+3.74%,--,8,56204,卖盘
10:55:31,66.94,+3.78%,+0.03,2,13388,买盘
10:55:34,66.91,+3.74%,-0.03,13,86983,卖盘
10:55:37,66.94,+3.78%,+0.03,5,33470,买盘
10:55:40,66.94,+3.78%,--,18,125178,买盘
10:55:43,66.91,+3.74%,-0.03,20,138704,卖盘
10:55:46,66.91,+3.74%,--,5,36533,买盘
10:55:49,66.91,+3.74%,--,20,138704,买盘
10:55:55,66.95,+3.80%,+0.04,3,25240,买盘
10:56:07,66.92,+3.75%,-0.03,2,13384,卖盘
10:56:10,66.91,+3.74%,-0.01,12,83771,卖盘
10:56:13,66.85,+3.64%,-0.06,2,13370,卖盘
10:56:16,66.8,+3.57%,-0.05,21,142484,卖盘
10:56:19,66.81,+3.58%,+0.01,25,169096,中性盘
10:56:22,66.75,+3.49%,-0.06,13,87242,卖盘
10:56:24,66.7,+3.41%,-0.05,13,91979,卖盘
10:56:28,66.7,+3.41%,--,8,53360,卖盘
10:56:31,66.67,+3.36%,-0.03,4,31335,卖盘
10:56:34,66.7,+3.41%,+0.03,2,13674,卖盘
10:56:37,66.75,+3.49%,+0.05,2,13350,买盘
10:56:43,66.7,+3.41%,-0.05,12,82041,卖盘
10:56:46,66.67,+3.36%,-0.03,3,24801,卖盘
10:56:49,66.7,+3.41%,+0.03,12,80040,买盘
10:56:52,66.67,+3.36%,-0.03,4,27801,卖盘
10:56:55,66.7,+3.41%,+0.03,2,13340,买盘
10:56:58,66.67,+3.36%,-0.03,12,80004,卖盘
10:57:01,66.7,+3.41%,+0.03,6,41421,买盘
10:57:04,66.75,+3.49%,+0.05,16,106800,买盘
10:57:07,66.67,+3.36%,-0.08,11,75404,卖盘
10:57:10,66.67,+3.36%,--,6,44602,买盘
10:57:13,66.67,+3.36%,--,2,13401,买盘
10:57:19,66.67,+3.36%,--,4,26668,买盘
10:57:22,66.67,+3.36%,--,12,81937,买盘
10:57:31,66.71,+3.43%,+0.04,12,85789,买盘
10:57:34,66.71,+3.43%,--,2,14743,买盘
10:57:37,66.72,+3.44%,+0.01,2,13944,卖盘
10:57:40,66.75,+3.49%,+0.03,3,25298,买盘
10:57:46,66.79,+3.55%,+0.04,5,38671,买盘
10:57:46,66.79,+3.55%,--,5,38671,中性盘
10:57:49,66.79,+3.55%,--,0,0,买盘
10:57:55,66.79,+3.55%,--,10,66790,买盘
10:57:58,66.76,+3.50%,-0.03,3,20162,卖盘
10:58:01,66.76,+3.50%,--,7,52941,买盘
10:58:04,66.75,+3.49%,-0.01,10,73292,卖盘
10:58:07,66.75,+3.49%,--,0,1001,卖盘
10:58:25,66.75,+3.49%,--,5,33375,买盘
10:58:28,66.75,+3.49%,--,14,98990,买盘
10:58:31,66.75,+3.49%,--,5,35111,卖盘
10:58:40,66.75,+3.49%,--,16,110071,卖盘
10:58:43,66.75,+3.49%,--,0,0,买盘
10:58:46,66.76,+3.50%,+0.01,19,128446,买盘
10:58:52,66.76,+3.50%,--,10,66760,卖盘
10:58:55,66.79,+3.55%,+0.03,8,58308,买盘
10:58:58,66.75,+3.49%,-0.04,2,13350,中性盘
10:59:01,66.72,+3.44%,-0.03,7,52242,卖盘
10:59:07,66.72,+3.44%,--,0,1868,卖盘
10:59:10,66.7,+3.41%,-0.02,2,13607,卖盘
10:59:31,66.71,+3.43%,+0.01,3,22014,卖盘
10:59:40,66.7,+3.41%,-0.01,2,13340,卖盘
10:59:49,66.7,+3.41%,--,2,13340,卖盘
10:59:52,66.71,+3.43%,+0.01,20,133420,买盘
10:59:55,66.7,+3.41%,-0.01,3,21477,卖盘
10:59:58,66.71,+3.43%,+0.01,2,15277,买盘
11:00:01,66.72,+3.44%,+0.01,2,16280,买盘
11:00:04,66.7,+3.41%,-0.02,44,299150,卖盘
11:00:07,66.7,+3.41%,--,9,63498,买盘
11:00:16,66.69,+3.40%,-0.01,9,61355,卖盘
11:00:19,66.68,+3.38%,-0.01,25,172168,卖盘
11:00:22,66.67,+3.36%,-0.01,4,27535,卖盘
11:00:25,66.67,+3.36%,--,2,15201,卖盘
11:00:28,66.66,+3.35%,-0.01,36,243176,卖盘
11:00:31,66.6,+3.26%,-0.06,4,28705,卖盘
11:00:34,66.55,+3.18%,-0.05,7,49913,卖盘
11:00:37,66.54,+3.16%,-0.01,4,31939,卖盘
11:00:46,66.54,+3.16%,--,4,32605,卖盘
11:00:49,66.55,+3.18%,+0.01,2,13310,买盘
11:00:52,66.55,+3.18%,--,3,25356,买盘
11:00:55,66.55,+3.18%,--,14,93503,买盘
11:00:58,66.54,+3.16%,-0.01,19,131816,卖盘
11:01:01,66.55,+3.18%,+0.01,19,126512,买盘
11:01:04,66.56,+3.19%,+0.01,2,14310,中性盘
11:01:07,66.6,+3.26%,+0.04,2,13320,买盘
11:01:13,66.42,+2.98%,-0.18,125,832708,卖盘
11:01:16,66.42,+2.98%,--,10,66420,卖盘
11:01:19,66.42,+2.98%,--,0,2125,卖盘
11:01:22,66.42,+2.98%,--,0,0,买盘
11:01:25,66.4,+2.95%,-0.02,14,92960,卖盘
11:01:28,66.4,+2.95%,--,0,0,买盘
11:01:31,66.4,+2.95%,--,3,25962,买盘
11:01:31,66.4,+2.95%,--,3,25962,中性盘
11:01:31,66.4,+2.95%,--,3,25962,卖盘
11:01:34,66.44,+3.01%,+0.04,105,703400,买盘
11:01:37,66.49,+3.09%,+0.05,4,30718,买盘
11:01:40,66.5,+3.10%,+0.01,4,31189,买盘
11:01:49,66.51,+3.12%,+0.01,9,59859,卖盘
11:01:58,66.51,+3.12%,--,2,17093,卖盘
11:02:01,66.5,+3.10%,-0.01,10,71355,卖盘
11:02:04,66.5,+3.10%,--,7,51538,卖盘
11:02:07,66.45,+3.02%,-0.05,8,53160,卖盘
11:02:10,66.45,+3.02%,--,8,53160,买盘
11:02:16,66.42,+2.98%,-0.03,7,46494,中性盘
11:02:19,66.42,+2.98%,--,0,0,卖盘
11:02:22,66.48,+3.07%,+0.06,2,13296,买盘
11:02:28,66.43,+2.99%,-0.05,10,66430,卖盘
11:02:31,66.5,+3.10%,+0.07,19,132069,买盘
11:02:34,66.5,+3.10%,--,27,185203,买盘
11:02:37,66.49,+3.09%,-0.01,3,23936,卖盘
11:02:40,66.49,+3.09%,--,0,0,卖盘
11:02:46,66.6,+3.26%,+0.11,3,21978,买盘
11:02:49,66.6,+3.26%,--,0,0,买盘
11:02:52,66.6,+3.26%,--,13,86580,买盘
11:02:55,66.6,+3.26%,--,26,174559,买盘
11:03:07,66.67,+3.36%,+0.07,13,91671,买盘
11:03:10,66.68,+3.38%,+0.01,10,72948,买盘
11:03:13,66.68,+3.38%,--,8,54811,卖盘
11:03:16,66.88,+3.69%,+0.2,5,38456,中性盘
11:03:22,66.72,+3.44%,-0.16,2,13344,买盘
11:03:28,66.76,+3.50%,+0.04,5,37386,买盘
11:03:34,66.89,+3.71%,+0.13,10,68562,买盘
11:03:37,66.8,+3.57%,-0.09,4,31396,卖盘
11:03:43,66.8,+3.57%,--,12,80160,卖盘
11:03:46,66.89,+3.71%,+0.09,3,26622,买盘
11:03:49,66.8,+3.57%,-0.09,10,66800,卖盘
11:03:52,66.89,+3.71%,+0.09,3,25552,买盘
11:04:01,66.89,+3.71%,--,8,55920,买盘
11:04:07,66.89,+3.71%,--,28,191239,买盘
11:04:10,66.9,+3.72%,+0.01,13,90382,买盘
11:04:16,66.95,+3.80%,+0.05,6,40973,买盘
11:04:19,66.95,+3.80%,--,7,52422,卖盘
11:04:22,67.0,+3.88%,+0.05,3,23450,买盘
11:04:28,66.96,+3.81%,-0.04,12,82562,卖盘
11:04:34,66.89,+3.71%,-0.07,5,35050,卖盘
11:04:40,66.9,+3.72%,+0.01,2,13380,卖盘
11:04:43,66.9,+3.72%,--,5,36394,卖盘
11:04:46,66.89,+3.71%,-0.01,13,87291,卖盘
11:04:49,66.89,+3.71%,--,13,91974,买盘
11:04:58,66.82,+3.60%,-0.07,10,69025,卖盘
11:05:04,66.8,+3.57%,-0.02,14,98062,卖盘
11:05:07,66.83,+3.61%,+0.03,8,55603,买盘
11:05:10,66.8,+3.57%,-0.03,22,151903,卖盘
11:05:13,66.8,+3.57%,--,8,53640,买盘
11:05:13,66.8,+3.57%,--,8,53640,中性盘
11:05:16,66.82,+3.60%,+0.02,2,13364,买盘
11:05:19,66.82,+3.60%,--,9,66486,买盘
11:05:22,66.82,+3.60%,--,11,78981,卖盘
11:05:24,66.82,+3.60%,--,6,44302,买盘
11:05:28,66.83,+3.61%,+0.01,2,13433,卖盘
11:05:31,66.86,+3.66%,+0.03,6,40116,买盘
11:05:40,66.86,+3.66%,--,2,13372,买盘
11:05:43,66.83,+3.61%,-0.03,3,22923,卖盘
11:05:49,66.86,+3.66%,+0.03,4,27680,买盘
11:05:52,66.87,+3.67%,+0.01,8,59648,买盘
11:05:55,66.83,+3.61%,-0.04,14,93562,买盘
11:05:58,66.83,+3.61%,--,13,88617,卖盘
11:06:04,66.85,+3.64%,+0.02,2,13370,卖盘
11:06:07,66.84,+3.63%,-0.01,6,41775,买盘
11:06:10,66.89,+3.71%,+0.05,14,94516,买盘
11:06:16,66.89,+3.71%,--,0,0,买盘
11:06:22,66.98,+3.84%,+0.09,3,20697,买盘
11:06:25,66.89,+3.71%,-0.09,3,20067,买盘
11:06:37,66.9,+3.72%,+0.01,11,78875,买盘
11:06:46,66.96,+3.81%,+0.06,3,21896,买盘
11:06:49,66.96,+3.81%,--,6,46336,买盘
11:06:52,67.0,+3.88%,+0.04,5,35979,买盘
11:06:58,67.0,+3.88%,--,6,44957,买盘
11:07:01,67.0,+3.88%,--,13,89981,买盘
11:07:07,66.97,+3.83%,-0.03,2,13394,买盘
11:07:10,66.97,+3.83%,--,3,20694,买盘
11:07:13,66.97,+3.83%,--,4,26788,买盘
11:07:16,67.01,+3.89%,+0.04,60,402060,买盘
11:07:19,66.94,+3.78%,-0.07,2,13455,卖盘
11:07:22,66.94,+3.78%,--,0,0,中性盘
11:07:25,66.97,+3.83%,+0.03,2,13394,买盘
11:07:28,67.0,+3.88%,+0.03,2,13869,中性盘
11:07:31,67.01,+3.89%,+0.01,3,23923,买盘
11:07:34,67.01,+3.89%,--,0,0,卖盘
11:07:37,67.04,+3.94%,+0.03,20,140650,买盘
11:07:40,67.06,+3.97%,+0.02,2,13412,买盘
11:07:43,67.06,+3.97%,--,0,0,买盘
11:07:46,67.06,+3.97%,--,1,10931,买盘
11:07:49,67.06,+3.97%,--,0,0,卖盘
11:07:52,67.07,+3.98%,+0.01,18,121531,买盘
11:07:55,67.06,+3.97%,-0.01,4,26824,中性盘
11:07:58,67.05,+3.95%,-0.01,3,23400,卖盘
11:08:01,67.04,+3.94%,-0.01,28,192137,卖盘
11:08:04,66.95,+3.80%,-0.09,6,40170,卖盘
11:08:10,67.02,+3.91%,+0.07,8,56163,卖盘
11:08:13,67.02,+3.91%,--,14,97447,卖盘
11:08:16,67.0,+3.88%,-0.02,6,40200,买盘
11:08:19,67.0,+3.88%,--,2,13534,买盘
11:08:22,67.0,+3.88%,--,11,73968,买盘
11:08:25,67.03,+3.92%,+0.03,5,33582,买盘
11:08:28,67.05,+3.95%,+0.02,40,274838,买盘
11:08:37,67.05,+3.95%,--,2,14416,买盘
11:08:40,67.05,+3.95%,--,3,23065,卖盘
11:08:43,67.05,+3.95%,--,0,1274,卖盘
11:08:46,67.05,+3.95%,--,6,46466,买盘
11:08:49,67.05,+3.95%,--,2,13410,买盘
11:08:52,67.05,+3.95%,--,1,8046,买盘
11:08:55,67.05,+3.95%,--,2,19109,卖盘
11:08:55,67.05,+3.95%,--,2,19109,中性盘
11:08:58,67.05,+3.95%,--,9,65508,买盘
11:09:07,67.05,+3.95%,--,4,26820,买盘
11:09:16,67.05,+3.95%,--,16,109090,买盘
11:09:19,67.05,+3.95%,--,0,0,中性盘
11:09:22,67.03,+3.92%,-0.02,17,117571,卖盘
11:09:25,67.03,+3.92%,--,5,36464,卖盘
11:09:28,66.97,+3.83%,-0.06,45,305517,卖盘
11:09:31,66.97,+3.83%,--,2,13394,卖盘
11:09:34,66.9,+3.72%,-0.07,3,24084,卖盘
11:09:43,66.9,+3.72%,--,2,13380,卖盘
11:09:52,66.9,+3.72%,--,5,38468,卖盘
11:09:55,66.9,+3.72%,--,1,7493,卖盘
11:10:07,66.86,+3.66%,-0.04,2,13372,卖盘
11:10:13,66.9,+3.72%,+0.04,6,40140,买盘
11:10:19,66.9,+3.72%,--,3,24285,买盘
11:10:22,66.96,+3.81%,+0.06,3,22766,买盘
11:10:31,66.97,+3.83%,+0.01,4,26788,买盘
11:10:37,66.97,+3.83%,--,8,59871,买盘
11:10:40,66.97,+3.83%,--,0,0,买盘
11:10:43,66.97,+3.83%,--,0,3884,买盘
11:10:46,66.97,+3.83%,--,24,164545,卖盘
11:10:49,67.02,+3.91%,+0.05,8,53616,买盘
11:10:58,67.0,+3.88%,-0.02,3,20100,买盘
11:11:01,67.0,+3.88%,--,1,7169,买盘
11:11:04,67.02,+3.91%,+0.02,4,26808,买盘
11:11:07,67.0,+3.88%,-0.02,7,46900,卖盘
11:11:13,67.02,+3.91%,--,2,13806,买盘
11:11:16,67.0,+3.88%,-0.02,15,104654,卖盘
11:11:19,67.0,+3.88%,--,8,54471,卖盘
11:11:22,67.0,+3.88%,--,1,12529,买盘
11:11:25,66.97,+3.83%,-0.03,5,33686,卖盘
11:11:28,66.97,+3.83%,--,3,21029,卖盘
11:11:31,66.98,+3.84%,+0.01,13,87878,卖盘
11:11:37,66.98,+3.84%,--,3,21300,买盘
11:11:40,66.98,+3.84%,--,3,22505,卖盘
11:11:49,66.98,+3.84%,--,5,33490,卖盘
11:11:55,67.03,+3.92%,+0.05,4,28689,买盘
11:11:58,66.99,+3.86%,-0.04,2,13398,卖盘
11:12:01,67.0,+3.88%,+0.01,4,27202,中性盘
11:12:04,67.0,+3.88%,--,12,80400,卖盘
11:12:07,66.99,+3.86%,-0.01,11,73689,卖盘
11:12:10,66.98,+3.84%,-0.01,2,13396,卖盘
11:12:16,66.98,+3.84%,--,0,0,卖盘
11:12:19,66.99,+3.86%,+0.01,2,15341,卖盘
11:12:22,66.99,+3.86%,--,22,147713,买盘
11:12:28,66.98,+3.84%,-0.01,7,48159,卖盘
11:12:31,66.97,+3.83%,-0.01,18,121283,卖盘
11:12:31,66.97,+3.83%,--,18,121283,中性盘
11:12:40,66.98,+3.84%,+0.01,2,13396,买盘
11:12:46,66.97,+3.83%,-0.01,52,349048,卖盘
11:12:55,66.98,+3.84%,+0.01,50,334900,买盘
11:12:58,66.9,+3.72%,-0.08,47,314898,卖盘
11:13:07,66.88,+3.69%,-0.02,15,100320,卖盘
11:13:10,66.88,+3.69%,--,6,46415,卖盘
11:13:19,66.82,+3.60%,-0.06,3,25859,卖盘
11:13:21,66.82,+3.60%,--,9,66753,买盘
11:13:25,66.88,+3.69%,+0.06,5,35246,买盘
11:13:33,66.82,+3.60%,-0.06,3,25392,卖盘
11:13:37,66.82,+3.60%,--,15,103504,卖盘
11:13:40,66.81,+3.58%,-0.01,3,24052,卖盘
11:13:43,66.81,+3.58%,--,0,0,买盘
11:13:49,66.8,+3.57%,-0.01,23,159385,卖盘
11:13:52,66.8,+3.57%,--,0,0,卖盘
11:13:55,66.8,+3.57%,--,27,181763,卖盘
11:13:58,66.71,+3.43%,-0.09,5,33488,卖盘
11:14:10,66.8,+3.57%,+0.09,38,259451,买盘
11:14:13,66.85,+3.64%,+0.05,3,21325,买盘
11:14:16,66.9,+3.72%,+0.05,21,140958,买盘
11:14:19,67.03,+3.92%,+0.13,8,53624,买盘
11:14:22,67.03,+3.92%,--,2,13808,买盘
11:14:25,66.89,+3.71%,-0.14,33,226623,卖盘
11:14:42,67.03,+3.92%,+0.14,4,28421,买盘
11:14:46,66.9,+3.72%,-0.13,7,49774,卖盘
11:15:01,66.9,+3.72%,--,10,66900,买盘
11:15:04,66.88,+3.69%,-0.02,2,13376,卖盘
11:15:07,66.88,+3.69%,--,25,171614,卖盘
11:15:10,66.88,+3.69%,--,0,0,买盘
11:15:16,66.86,+3.66%,-0.02,3,20058,买盘
11:15:19,66.86,+3.66%,--,0,3811,卖盘
11:15:28,66.72,+3.44%,-0.14,2,13344,卖盘
11:15:37,66.72,+3.44%,--,8,56045,卖盘
11:15:40,66.6,+3.26%,-0.12,40,266666,卖盘
11:15:43,66.6,+3.26%,--,2,13320,卖盘
11:15:55,66.68,+3.38%,+0.08,3,25672,买盘
11:15:58,66.61,+3.27%,-0.07,37,249987,卖盘
11:16:07,66.61,+3.27%,--,10,71473,卖盘
11:16:16,66.68,+3.38%,+0.07,2,14403,买盘
11:16:22,66.7,+3.41%,+0.02,5,39620,买盘
11:16:22,66.7,+3.41%,--,5,39620,中性盘
11:16:22,66.7,+3.41%,--,5,39620,买盘
11:16:25,66.68,+3.38%,-0.02,9,60745,中性盘
11:16:28,66.71,+3.43%,+0.03,10,68778,买盘
11:16:40,66.71,+3.43%,--,2,13342,卖盘
11:16:43,66.71,+3.43%,--,3,22748,卖盘
11:16:46,66.77,+3.52%,+0.06,11,75250,买盘
11:16:48,66.77,+3.52%,--,0,0,卖盘
11:16:52,66.84,+3.63%,+0.07,19,131675,买盘
11:16:55,66.84,+3.63%,--,0,0,买盘
11:17:07,66.87,+3.67%,+0.03,10,66870,买盘
11:17:16,66.87,+3.67%,--,0,0,买盘
11:17:22,66.9,+3.72%,+0.03,11,78741,买盘
11:17:25,66.7,+3.41%,-0.2,11,74904,卖盘
11:17:34,66.75,+3.49%,+0.05,11,79633,卖盘
11:17:40,66.9,+3.72%,+0.15,2,13380,买盘
11:17:43,66.9,+3.72%,--,2,13380,买盘
11:17:46,66.9,+3.72%,--,2,19602,买盘
11:17:49,66.9,+3.72%,--,0,4215,买盘
11:17:52,66.99,+3.86%,+0.09,2,16881,买盘
11:17:58,66.9,+3.72%,-0.09,3,24017,卖盘
11:18:16,66.99,+3.86%,+0.09,3,22040,买盘
11:18:22,66.99,+3.86%,--,12,85412,买盘
11:18:28,66.92,+3.75%,-0.07,2,13384,卖盘
11:18:31,66.92,+3.75%,--,1,7763,卖盘
11:18:33,66.9,+3.72%,-0.02,12,80882,卖盘
11:18:37,66.82,+3.60%,-0.08,2,13364,卖盘
11:18:40,66.82,+3.60%,--,0,0,卖盘
11:18:46,66.83,+3.61%,+0.01,2,13366,卖盘
11:18:49,66.83,+3.61%,--,4,31544,卖盘
11:18:52,66.83,+3.61%,--,0,0,买盘
11:19:01,66.6,+3.26%,-0.23,123,823576,卖盘
11:19:07,66.6,+3.26%,--,0,0,卖盘
11:19:10,66.68,+3.38%,+0.08,4,26672,中性盘
11:19:22,66.83,+3.61%,+0.15,3,20517,买盘
11:19:28,66.83,+3.61%,--,12,80664,买盘
11:19:31,66.7,+3.41%,-0.13,6,42755,中性盘
11:19:37,66.7,+3.41%,--,0,0,卖盘
11:19:40,66.89,+3.71%,+0.19,8,53512,买盘
11:19:43,66.71,+3.43%,-0.18,11,79652,卖盘
11:19:46,66.89,+3.71%,+0.18,3,23612,买盘
11:19:49,66.9,+3.72%,+0.01,2,13380,买盘
11:19:52,66.9,+3.72%,--,3,20338,买盘
11:20:07,66.9,+3.72%,--,4,26760,买盘
11:20:16,66.9,+3.72%,--,3,22746,买盘
11:20:19,66.98,+3.84%,+0.08,49,329943,买盘
11:20:22,66.95,+3.80%,-0.03,5,38965,买盘
11:20:31,66.9,+3.72%,-0.05,6,40140,买盘
11:20:37,66.8,+3.57%,-0.1,20,139345,卖盘
11:20:40,66.8,+3.57%,--,4,29592,买盘
11:20:46,66.79,+3.55%,-0.01,4,26716,卖盘
11:20:49,66.69,+3.40%,-0.1,11,79361,卖盘
11:20:52,66.69,+3.40%,--,4,26676,卖盘
11:20:55,66.81,+3.58%,+0.12,2,17170,买盘
11:21:07,66.81,+3.58%,--,0,0,中性盘
11:21:16,66.9,+3.72%,+0.09,10,66900,买盘
11:21:19,66.9,+3.72%,--,0,0,买盘
11:21:22,66.81,+3.58%,-0.09,3,25121,卖盘
11:21:28,66.81,+3.58%,--,11,78034,卖盘
11:21:40,66.81,+3.58%,--,0,0,卖盘
11:21:46,66.9,+3.72%,+0.09,12,83826,买盘
11:21:52,66.9,+3.72%,--,3,25154,买盘
11:21:55,67.0,+3.88%,+0.1,100,670000,买盘
11:22:13,67.0,+3.88%,--,15,102309,买盘
11:22:16,67.03,+3.92%,+0.03,8,54495,买盘
11:22:19,67.0,+3.88%,-0.03,6,43148,卖盘
11:22:22,67.0,+3.88%,--,11,75576,买盘
11:22:25,67.0,+3.88%,--,5,39396,买盘
11:22:31,67.0,+3.88%,--,5,35711,买盘
11:22:37,66.86,+3.66%,-0.14,14,94406,卖盘
11:22:40,66.86,+3.66%,--,5,39314,买盘
11:22:43,67.0,+3.88%,+0.14,10,68943,买盘
11:22:46,67.0,+3.88%,--,0,0,卖盘
11:22:49,67.01,+3.89%,+0.01,2,13402,卖盘
11:22:52,67.0,+3.88%,-0.01,5,33500,卖盘
11:22:55,67.0,+3.88%,--,48,322605,卖盘
11:22:58,67.0,+3.88%,--,6,44086,卖盘
11:23:01,66.86,+3.66%,-0.14,8,53488,卖盘
11:23:04,66.9,+3.72%,+0.04,3,24485,中性盘
11:23:07,66.85,+3.64%,-0.05,8,53480,中性盘
11:23:10,66.83,+3.61%,-0.02,8,53464,卖盘
11:23:13,66.83,+3.61%,--,3,22722,卖盘
11:23:19,66.83,+3.61%,--,2,13901,卖盘
11:23:25,66.86,+3.66%,+0.03,12,80232,买盘
11:23:28,66.83,+3.61%,-0.03,27,185988,卖盘
11:23:31,66.83,+3.61%,--,0,0,卖盘
11:23:37,66.83,+3.61%,--,5,33415,卖盘
11:23:40,66.84,+3.63%,+0.01,2,13368,卖盘
11:23:43,66.86,+3.66%,+0.02,2,13372,买盘
11:23:46,66.86,+3.66%,--,0,0,买盘
11:27:25,66.82,+3.60%,--,12,86198,中性盘
11:27:34,66.82,+3.60%,--,8,59470,买盘
11:27:40,66.83,+3.61%,+0.01,2,15104,买盘
11:27:46,66.87,+3.67%,+0.04,2,14778,买盘
11:27:52,66.82,+3.60%,-0.05,13,92813,卖盘
11:28:01,66.82,+3.60%,--,12,80184,卖盘
11:28:16,66.86,+3.66%,+0.04,2,13439,买盘
11:28:19,66.87,+3.67%,+0.01,10,66870,买盘
11:28:21,66.88,+3.69%,+0.01,4,31367,买盘
11:28:25,66.87,+3.67%,-0.01,3,20730,中性盘
11:28:28,66.87,+3.67%,--,2,18924,卖盘
11:28:31,66.94,+3.78%,+0.07,8,56363,买盘
11:28:40,66.94,+3.78%,--,0,0,买盘
11:28:52,66.99,+3.86%,+0.05,6,43276,买盘
11:29:01,66.91,+3.74%,-0.08,3,25693,卖盘
11:29:10,67.0,+3.88%,+0.09,9,66799,买盘
11:29:16,67.0,+3.88%,--,0,0,买盘
11:29:19,66.91,+3.74%,-0.09,3,21411,卖盘
11:29:22,66.92,+3.75%,+0.01,2,13384,中性盘
11:29:25,66.9,+3.72%,-0.02,6,44154,卖盘
11:29:27,66.98,+3.84%,+0.08,18,120899,买盘
11:29:31,66.98,+3.84%,--,2,13396,卖盘
11:29:34,66.98,+3.84%,--,31,207638,卖盘
11:29:37,66.98,+3.84%,--,7,50905,卖盘
11:29:40,66.99,+3.86%,+0.01,6,41400,买盘
11:29:52,66.99,+3.86%,--,0,0,买盘
13:00:01,67.0,+3.88%,+0.01,51,341767,买盘
13:00:04,67.02,+3.91%,+0.02,42,285170,买盘
13:00:07,67.04,+3.94%,+0.02,38,257836,买盘
13:00:10,67.02,+3.91%,-0.02,23,157162,卖盘
13:00:13,67.02,+3.91%,--,4,26808,卖盘
13:00:16,67.01,+3.89%,-0.01,45,306303,卖盘
13:00:19,67.0,+3.88%,-0.01,123,828522,卖盘
13:00:22,67.01,+3.89%,+0.01,12,80412,买盘
13:00:25,67.01,+3.89%,--,16,109226,买盘
13:00:28,67.01,+3.89%,--,3,25598,卖盘
13:00:34,67.01,+3.89%,--,2,13670,卖盘
13:00:37,67.01,+3.89%,--,2,13469,卖盘
13:00:49,67.02,+3.91%,+0.01,4,31633,买盘
13:01:04,67.02,+3.91%,--,2,13605,卖盘
13:04:55,67.38,+4.47%,--,26,175188,中性盘
13:04:55,67.38,+4.47%,--,26,175188,买盘
13:04:58,67.5,+4.65%,+0.12,58,395820,买盘
13:05:01,67.5,+4.65%,--,10,69593,卖盘
13:05:07,67.5,+4.65%,--,20,139860,卖盘
13:05:10,67.51,+4.67%,+0.01,8,56371,买盘
13:05:13,67.5,+4.65%,-0.01,6,40500,卖盘
13:05:19,67.5,+4.65%,--,150,1017225,卖盘
13:05:22,67.36,+4.43%,-0.14,12,83257,卖盘
13:05:25,67.36,+4.43%,--,0,0,买盘
13:05:28,67.45,+4.57%,+0.09,12,83098,买盘
13:05:34,67.5,+4.65%,+0.05,9,60750,买盘
13:05:40,67.5,+4.65%,--,5,35505,买盘
13:05:43,67.5,+4.65%,--,6,42930,买盘
13:05:46,67.5,+4.65%,--,4,27000,卖盘
13:05:49,67.54,+4.71%,+0.04,4,29515,买盘
13:05:52,67.61,+4.82%,+0.07,42,290250,买盘
13:05:55,67.68,+4.93%,+0.07,4,27072,买盘
13:05:58,67.58,+4.78%,-0.1,8,54064,卖盘
13:06:01,67.68,+4.93%,+0.1,23,156476,买盘
13:06:04,67.69,+4.95%,+0.01,25,169225,买盘
13:06:07,67.72,+4.99%,+0.03,35,239661,买盘
13:06:10,67.65,+4.88%,-0.07,8,54120,中性盘
13:06:13,67.72,+4.99%,+0.07,15,102054,买盘
13:06:16,67.72,+4.99%,--,4,27088,买盘
13:06:19,67.72,+4.99%,--,14,94808,买盘
13:06:22,67.67,+4.91%,-0.05,5,39046,卖盘
13:06:25,67.72,+4.99%,+0.05,19,130158,买盘
13:06:28,67.72,+4.99%,--,10,70022,买盘
13:06:31,67.72,+4.99%,--,2,13544,卖盘
13:06:34,67.75,+5.04%,+0.03,4,27100,买盘
13:06:37,67.72,+4.99%,-0.03,6,40700,卖盘
13:06:40,67.75,+5.04%,+0.03,2,13550,买盘
13:06:43,67.71,+4.98%,-0.04,104,706215,卖盘
13:06:46,67.72,+4.99%,+0.01,6,42122,买盘
13:06:49,67.75,+5.04%,+0.03,25,169782,卖盘
13:06:52,67.75,+5.04%,--,27,188684,卖盘
13:06:55,67.71,+4.98%,-0.04,8,56809,卖盘
13:06:58,67.65,+4.88%,-0.06,18,126979,卖盘
13:07:01,67.7,+4.96%,+0.05,19,135332,买盘
13:07:07,67.53,+4.70%,-0.17,7,48081,买盘
13:07:13,67.53,+4.70%,--,2,18571,卖盘
13:07:16,67.54,+4.71%,+0.01,4,27016,卖盘
13:07:19,67.64,+4.87%,+0.1,9,61282,买盘
13:07:22,67.64,+4.87%,--,9,63108,卖盘
13:07:28,67.53,+4.70%,-0.11,86,580758,卖盘
13:07:31,67.64,+4.87%,+0.11,17,116341,买盘
13:07:34,67.6,+4.81%,-0.04,17,115799,卖盘
13:07:37,67.64,+4.87%,+0.04,13,94358,买盘
13:07:40,67.53,+4.70%,-0.11,52,354262,卖盘
13:07:43,67.67,+4.91%,+0.14,12,82422,买盘
13:07:46,67.67,+4.91%,--,0,0,买盘
13:07:49,67.6,+4.81%,-0.07,7,53742,卖盘
13:07:52,67.6,+4.81%,--,0,0,卖盘
13:07:55,67.6,+4.81%,--,4,27040,卖盘
13:07:58,67.55,+4.73%,-0.05,9,63565,卖盘
13:08:01,67.62,+4.84%,+0.07,32,216384,中性盘
13:08:04,67.53,+4.70%,-0.09,29,197930,卖盘
13:08:07,67.53,+4.70%,--,8,54024,卖盘
13:08:10,67.62,+4.84%,+0.09,13,93857,中性盘
13:08:13,67.55,+4.73%,-0.07,5,33843,卖盘
13:08:16,67.55,+4.73%,--,4,29857,卖盘
13:08:19,67.55,+4.73%,--,5,37693,卖盘
13:08:22,67.58,+4.78%,+0.03,14,95626,买盘
13:08:25,67.58,+4.78%,--,16,112183,卖盘
13:08:28,67.65,+4.88%,+0.07,6,40590,买盘
13:08:31,67.58,+4.78%,-0.07,10,67580,卖盘
13:08:34,67.67,+4.91%,+0.09,35,238672,买盘
13:08:37,67.67,+4.91%,--,2,13669,买盘
13:08:37,67.67,+4.91%,--,2,13669,中性盘
13:08:40,67.7,+4.96%,+0.03,30,204048,买盘
13:08:43,67.68,+4.93%,-0.02,31,214207,卖盘
13:08:46,67.73,+5.01%,+0.05,11,78905,买盘
13:08:49,67.68,+4.93%,-0.05,50,338400,卖盘
13:08:52,67.74,+5.02%,+0.06,14,96733,买盘
13:08:55,67.73,+5.01%,-0.01,2,13546,买盘
13:08:58,67.74,+5.02%,+0.01,20,136293,买盘
13:09:01,67.75,+5.04%,+0.01,22,149728,买盘
13:09:04,67.76,+5.05%,+0.01,4,27240,买盘
13:09:07,67.76,+5.05%,--,16,108416,买盘
13:09:10,67.76,+5.05%,--,5,33880,买盘
13:09:13,67.76,+5.05%,--,7,51362,买盘
13:09:16,67.76,+5.05%,--,6,44993,卖盘
13:09:19,67.76,+5.05%,--,2,13552,卖盘
13:09:22,67.76,+5.05%,--,9,65524,卖盘
13:09:25,67.75,+5.04%,-0.01,4,27100,卖盘
13:09:28,67.73,+5.01%,-0.02,47,323885,卖盘
13:09:31,67.75,+5.04%,+0.02,61,414088,买盘
13:09:34,67.69,+4.95%,-0.06,22,149866,卖盘
13:09:37,67.74,+5.02%,+0.05,5,35496,买盘
13:09:40,67.68,+4.93%,-0.06,5,35464,卖盘
13:09:43,67.58,+4.78%,-0.1,111,754463,卖盘
13:09:46,67.58,+4.78%,--,3,20274,买盘
13:09:49,67.58,+4.78%,--,3,26762,买盘
13:09:58,67.55,+4.73%,-0.03,12,81060,卖盘
13:10:01,67.58,+4.78%,+0.03,19,130902,买盘
13:10:04,67.58,+4.78%,--,14,97586,买盘
13:10:13,67.58,+4.78%,--,0,0,卖盘
13:10:16,67.67,+4.91%,+0.09,12,87768,买盘
13:10:19,67.65,+4.88%,-0.02,2,13530,卖盘
13:10:22,67.66,+4.90%,+0.01,43,296554,卖盘
13:10:25,67.7,+4.96%,+0.04,4,27757,买盘
13:10:31,67.7,+4.96%,--,5,39943,买盘
13:10:37,67.72,+4.99%,+0.02,6,40632,买盘
13:10:40,67.71,+4.98%,-0.01,2,13542,卖盘
13:10:43,67.71,+4.98%,--,3,20313,卖盘
13:10:46,67.71,+4.98%,--,10,67710,卖盘
13:10:49,67.73,+5.01%,+0.02,2,13885,买盘
13:10:52,67.73,+5.01%,--,7,47411,买盘
13:10:55,67.74,+5.02%,+0.01,2,15106,买盘
13:10:58,67.78,+5.09%,+0.04,75,513434,买盘
13:11:01,67.78,+5.09%,--,23,156978,买盘
13:11:04,67.8,+5.12%,+0.02,33,225435,买盘
13:11:07,67.88,+5.24%,+0.08,85,579627,买盘
13:11:10,67.9,+5.27%,+0.02,9,61925,买盘
13:11:13,67.95,+5.35%,+0.05,16,111098,买盘
13:11:16,67.83,+5.16%,-0.12,8,60504,卖盘
13:11:19,67.91,+5.29%,+0.08,9,63020,中性盘
13:11:22,67.97,+5.38%,+0.06,68,462672,买盘
13:11:25,67.9,+5.27%,-0.07,12,82363,卖盘
13:11:28,68.0,+5.43%,+0.1,214,1455200,买盘
13:11:31,67.99,+5.41%,-0.01,43,294261,卖盘
13:11:34,68.0,+5.43%,+0.01,71,486336,买盘
13:11:37,68.0,+5.43%,--,44,301580,买盘
13:11:40,68.01,+5.44%,+0.01,118,803130,买盘
13:11:43,68.05,+5.50%,+0.04,23,157808,买盘
13:11:46,68.0,+5.43%,-0.05,35,238000,卖盘
13:11:49,68.05,+5.50%,+0.05,16,109697,卖盘
13:11:52,67.98,+5.40%,-0.07,18,123928,卖盘
13:11:55,68.02,+5.46%,+0.04,6,46866,买盘
13:12:01,68.04,+5.49%,+0.02,9,64638,买盘
13:12:04,68.0,+5.43%,-0.04,26,178908,卖盘
13:12:07,68.09,+5.57%,+0.09,77,526268,买盘
13:12:10,68.05,+5.50%,-0.04,20,142565,卖盘
13:12:13,68.12,+5.61%,+0.07,6,41213,买盘
13:12:16,68.05,+5.50%,-0.07,17,115685,卖盘
13:12:19,68.05,+5.50%,--,6,40830,卖盘
13:19:46,67.71,+4.98%,--,5,37918,中性盘
13:19:46,67.71,+4.98%,--,5,37918,买盘
13:19:49,67.61,+4.82%,-0.1,21,144550,卖盘
13:19:51,67.61,+4.82%,--,2,13522,买盘
13:19:55,68.0,+5.43%,+0.39,354,2408084,买盘
13:19:58,68.0,+5.43%,--,65,442000,卖盘
13:20:01,68.0,+5.43%,--,37,257108,卖盘
13:20:04,68.0,+5.43%,--,58,399636,卖盘
13:20:06,67.57,+4.76%,-0.43,133,900032,卖盘
13:20:13,67.71,+4.98%,+0.14,6,46923,卖盘
13:20:19,67.63,+4.85%,-0.08,19,131811,卖盘
13:20:22,67.63,+4.85%,--,40,270520,卖盘
13:20:25,67.63,+4.85%,--,0,0,中性盘
13:20:28,67.61,+4.82%,-0.02,20,137586,卖盘
13:20:31,67.61,+4.82%,--,14,97899,卖盘
13:20:34,67.63,+4.85%,+0.02,3,20492,卖盘
13:20:37,67.63,+4.85%,--,2,15420,卖盘
13:20:40,67.63,+4.85%,--,4,29690,卖盘
13:20:46,67.61,+4.82%,-0.02,32,216555,卖盘
13:20:49,67.66,+4.90%,+0.05,9,61774,中性盘
13:20:52,67.6,+4.81%,-0.06,11,78484,卖盘
13:20:55,67.61,+4.82%,+0.01,7,50167,中性盘
13:21:01,67.6,+4.81%,-0.01,11,80917,卖盘
13:21:04,67.61,+4.82%,+0.01,2,13522,买盘
13:21:07,67.66,+4.90%,+0.05,22,151964,中性盘
13:21:10,68.0,+5.43%,+0.34,225,1535576,买盘
13:21:13,68.0,+5.43%,--,54,367200,卖盘
13:21:16,68.0,+5.43%,--,14,95676,卖盘
13:21:19,68.0,+5.43%,--,202,1378428,卖盘
13:21:22,68.0,+5.43%,--,2,13600,卖盘
13:21:25,68.01,+5.44%,+0.01,27,184103,买盘
13:21:28,67.89,+5.26%,-0.12,16,110864,卖盘
13:21:31,67.84,+5.18%,-0.05,0,5699,买盘
13:21:46,68.0,+5.43%,+0.16,3,20400,买盘
13:21:49,67.9,+5.27%,-0.1,3,20370,卖盘
13:21:52,67.84,+5.18%,-0.06,3,20488,卖盘
13:21:58,67.84,+5.18%,--,0,0,卖盘
13:22:01,67.86,+5.21%,+0.02,11,76275,中性盘
13:22:04,67.96,+5.36%,+0.1,11,74960,买盘
13:22:07,67.95,+5.35%,-0.01,23,159547,中性盘
13:22:10,67.96,+5.36%,+0.01,9,65310,卖盘
13:22:13,67.95,+5.35%,-0.01,10,68154,卖盘
13:22:25,67.95,+5.35%,--,2,13590,卖盘
13:22:28,67.96,+5.36%,+0.01,3,20388,买盘
13:22:34,67.96,+5.36%,--,10,69999,买盘
13:22:37,67.96,+5.36%,--,5,37582,卖盘
13:22:40,67.9,+5.27%,-0.06,2,14463,卖盘
13:22:46,67.96,+5.36%,+0.06,2,16242,买盘
13:22:52,67.96,+5.36%,--,3,26640,买盘
13:22:58,68.0,+5.43%,+0.04,7,49708,买盘
13:23:04,67.96,+5.36%,-0.04,2,13592,卖盘
13:23:07,68.0,+5.43%,+0.04,18,126072,买盘
13:23:10,67.9,+5.27%,-0.1,6,46647,卖盘
13:23:13,67.96,+5.36%,+0.06,2,13592,买盘
13:23:16,67.87,+5.22%,-0.09,31,215216,卖盘
13:23:19,67.86,+5.21%,-0.01,9,65213,卖盘
13:23:24,67.72,+4.99%,-0.14,2,13544,卖盘
13:27:10,67.77,+5.07%,--,2,13554,中性盘
13:27:13,67.77,+5.07%,--,0,0,卖盘
13:27:16,67.77,+5.07%,--,28,191179,卖盘
13:27:19,67.73,+5.01%,-0.04,6,41383,卖盘
13:27:22,67.7,+4.96%,-0.03,6,42516,卖盘
13:27:27,67.7,+4.96%,--,0,0,卖盘
13:27:31,67.7,+4.96%,--,8,54160,卖盘
13:27:37,67.74,+5.02%,+0.04,6,42608,买盘
13:27:40,67.7,+4.96%,-0.04,74,505381,卖盘
13:27:49,67.61,+4.82%,-0.09,22,149689,卖盘
13:27:52,67.74,+5.02%,+0.13,7,53786,买盘
13:27:55,67.77,+5.07%,+0.03,3,21890,买盘
13:28:01,67.72,+4.99%,-0.05,3,21400,卖盘
13:28:10,67.72,+4.99%,--,4,33454,卖盘
13:28:13,67.77,+5.07%,+0.05,14,98876,买盘
13:28:16,67.72,+4.99%,-0.05,12,87359,卖盘
13:28:19,67.7,+4.96%,-0.02,2,13743,卖盘
13:28:22,67.7,+4.96%,--,8,56800,卖盘
13:28:25,67.72,+4.99%,+0.02,17,116614,买盘
13:28:28,67.77,+5.07%,+0.05,28,191586,买盘
13:28:31,67.77,+5.07%,--,40,276705,买盘
13:28:34,67.69,+4.95%,-0.08,5,38245,卖盘
13:28:43,67.69,+4.95%,--,0,0,卖盘
13:28:46,67.69,+4.95%,--,6,41968,卖盘
13:28:49,67.69,+4.95%,--,7,53204,卖盘
13:28:58,67.7,+4.96%,+0.01,7,51520,买盘
13:29:04,67.63,+4.85%,-0.07,4,29351,卖盘
13:29:07,67.63,+4.85%,--,2,13729,卖盘
13:29:10,67.63,+4.85%,--,4,33544,卖盘
13:29:16,67.62,+4.84%,-0.01,7,52473,卖盘
13:29:19,67.62,+4.84%,--,6,40707,卖盘
13:29:22,67.62,+4.84%,--,4,27859,卖盘
13:29:25,67.63,+4.85%,+0.01,2,18734,中性盘
13:29:28,67.61,+4.82%,-0.02,5,35766,卖盘
13:29:31,67.62,+4.84%,+0.01,3,20286,买盘
13:29:34,67.61,+4.82%,-0.01,7,49423,卖盘
13:29:37,67.61,+4.82%,--,2,13522,卖盘
13:29:40,67.61,+4.82%,--,41,282475,卖盘
13:29:43,67.62,+4.84%,+0.01,20,135240,买盘
13:29:46,67.6,+4.81%,-0.02,7,50835,卖盘
13:29:49,67.6,+4.81%,--,9,65775,卖盘
13:29:58,67.6,+4.81%,-0.01,11,76185,卖盘
13:30:01,67.61,+4.82%,+0.01,2,14333,买盘
13:30:04,67.6,+4.81%,-0.01,5,36977,卖盘
13:30:07,67.62,+4.84%,+0.02,28,193258,买盘
13:30:13,67.61,+4.82%,-0.01,4,29884,买盘
13:30:16,67.6,+4.81%,-0.01,3,21700,卖盘
13:30:19,67.6,+4.81%,--,6,45427,卖盘
13:30:22,67.6,+4.81%,--,3,24742,卖盘
13:30:25,67.61,+4.82%,+0.01,2,18660,买盘
13:30:28,67.61,+4.82%,--,4,27044,买盘
13:30:31,67.6,+4.81%,-0.01,5,33800,卖盘
13:30:34,67.61,+4.82%,+0.01,3,20283,买盘
13:30:37,67.6,+4.81%,-0.01,4,27919,卖盘
13:30:40,67.6,+4.81%,--,2,13520,卖盘
13:30:43,67.6,+4.81%,--,16,108160,卖盘
13:30:46,67.6,+4.81%,--,36,245726,卖盘
13:30:49,67.55,+4.73%,-0.05,4,29384,卖盘
13:30:52,67.58,+4.78%,+0.03,2,13651,中性盘
13:30:55,67.55,+4.73%,-0.03,2,13510,卖盘
13:30:55,67.55,+4.73%,--,2,13510,中性盘
13:30:55,67.55,+4.73%,--,2,13510,卖盘
13:30:58,67.58,+4.78%,+0.03,2,13516,卖盘
13:31:01,67.5,+4.65%,-0.08,26,178673,卖盘
13:31:04,67.43,+4.54%,-0.07,7,47201,中性盘
13:31:07,67.38,+4.47%,-0.05,17,120139,卖盘
13:31:10,67.3,+4.34%,-0.08,22,149608,卖盘
13:31:16,67.3,+4.34%,--,0,1211,卖盘
13:31:19,67.21,+4.20%,-0.09,7,51281,卖盘
13:31:22,67.3,+4.34%,+0.09,11,80424,买盘
13:31:25,67.27,+4.29%,-0.03,2,13790,卖盘
13:31:28,67.27,+4.29%,--,5,33635,卖盘
13:31:31,67.3,+4.34%,+0.03,2,13460,买盘
13:31:34,67.27,+4.29%,-0.03,6,46954,卖盘
13:31:37,67.21,+4.20%,-0.06,6,41401,卖盘
13:31:40,67.11,+4.05%,-0.1,15,103417,卖盘
13:31:46,67.3,+4.34%,+0.19,6,44553,买盘
13:31:49,67.16,+4.12%,-0.14,2,16051,中性盘
13:31:52,67.3,+4.34%,+0.14,13,93211,买盘
13:32:04,67.3,+4.34%,--,0,0,卖盘
13:32:07,67.2,+4.19%,-0.1,10,69552,卖盘
13:32:10,67.2,+4.19%,--,7,49258,卖盘
13:32:25,67.22,+4.22%,+0.02,17,114677,卖盘
13:32:33,67.22,+4.22%,--,0,0,卖盘
13:32:37,67.43,+4.54%,+0.21,15,101212,买盘
13:32:40,67.43,+4.54%,--,12,84894,卖盘
13:32:46,67.43,+4.54%,--,2,14565,卖盘
13:32:49,67.49,+4.64%,+0.06,2,13498,买盘
13:32:52,67.43,+4.54%,-0.06,2,18004,卖盘
13:32:55,67.5,+4.65%,+0.07,5,36248,买盘
13:32:58,67.5,+4.65%,--,31,212625,买盘
13:33:01,67.5,+4.65%,--,2,13500,买盘
13:33:07,67.5,+4.65%,--,5,35640,买盘
13:33:10,67.5,+4.65%,--,5,38003,卖盘
13:33:16,67.5,+4.65%,--,2,13500,卖盘
13:33:19,67.5,+4.65%,--,2,18090,卖盘
13:33:22,67.5,+4.65%,--,8,58793,卖盘
13:33:25,67.54,+4.71%,+0.04,2,15264,买盘
13:33:28,67.54,+4.71%,--,0,0,买盘
13:33:31,67.5,+4.65%,-0.04,20,141278,卖盘
13:33:37,67.54,+4.71%,+0.04,8,57139,买盘
13:33:40,67.54,+4.71%,--,4,27962,卖盘
13:33:43,67.55,+4.73%,+0.01,5,37828,买盘
13:33:52,67.54,+4.71%,-0.01,4,27624,卖盘
13:33:55,67.55,+4.73%,+0.01,14,101190,买盘
13:33:58,67.55,+4.73%,--,2,15807,卖盘
13:34:01,67.55,+4.73%,--,11,75048,卖盘
13:34:07,67.55,+4.73%,--,8,55121,卖盘
13:34:10,67.55,+4.73%,--,0,0,卖盘
13:34:13,67.61,+4.82%,+0.06,5,39484,卖盘
13:34:16,67.61,+4.82%,--,0,0,卖盘
13:34:22,67.62,+4.84%,+0.01,2,13524,买盘
13:34:25,67.61,+4.82%,-0.01,5,40093,卖盘
13:34:28,67.56,+4.74%,-0.05,2,13512,卖盘
13:34:31,67.55,+4.73%,-0.01,9,60795,卖盘
13:38:19,67.3,+4.34%,-0.05,26,177066,中性盘
13:38:22,67.25,+4.26%,-0.05,14,97714,卖盘
13:38:31,67.33,+4.39%,+0.08,2,13466,买盘
13:38:40,67.33,+4.39%,--,22,151493,买盘
13:38:43,67.33,+4.39%,--,0,0,卖盘
13:38:46,67.34,+4.40%,+0.01,2,17104,卖盘
13:38:55,67.37,+4.45%,+0.03,3,25129,买盘
13:39:10,67.37,+4.45%,--,25,173410,买盘
13:39:16,67.37,+4.45%,--,5,36515,卖盘
13:39:19,67.37,+4.45%,--,0,0,卖盘
13:39:22,67.4,+4.50%,+0.03,2,13480,买盘
13:39:25,67.29,+4.33%,-0.11,17,114393,卖盘
13:39:31,67.38,+4.47%,+0.09,3,23650,卖盘
13:39:34,67.36,+4.43%,-0.02,3,20208,买盘
13:39:37,67.3,+4.34%,-0.06,3,23555,卖盘
13:39:40,67.3,+4.34%,--,7,53100,卖盘
13:39:43,67.36,+4.43%,+0.06,2,13472,买盘
13:39:46,67.25,+4.26%,-0.11,12,83995,卖盘
13:39:49,67.28,+4.31%,+0.03,18,124266,买盘
13:39:52,67.25,+4.26%,-0.03,22,148354,卖盘
13:39:58,67.25,+4.26%,--,2,13450,买盘
13:40:01,67.22,+4.22%,-0.03,12,83891,卖盘
13:40:04,67.21,+4.20%,-0.01,4,29908,卖盘
13:40:07,67.21,+4.20%,--,10,67210,卖盘
13:40:10,67.2,+4.19%,-0.01,5,38506,卖盘
13:40:16,67.23,+4.23%,+0.03,7,47061,买盘
13:40:19,67.2,+4.19%,-0.03,32,219139,卖盘
13:40:22,67.17,+4.14%,-0.03,7,47153,卖盘
13:40:24,67.2,+4.19%,+0.03,2,13440,买盘
13:40:28,67.11,+4.05%,-0.09,14,97444,卖盘
13:40:34,67.11,+4.05%,--,25,169990,卖盘
13:40:37,67.1,+4.03%,-0.01,10,69985,卖盘
13:40:43,67.11,+4.05%,--,6,41877,买盘
13:40:46,67.11,+4.05%,--,9,60399,卖盘
13:40:49,67.11,+4.05%,--,2,13690,卖盘
13:40:58,67.12,+4.06%,+0.01,7,50072,卖盘
13:41:01,67.15,+4.11%,+0.03,16,111469,中性盘
13:41:04,67.2,+4.19%,+0.05,27,181440,买盘
13:41:07,67.23,+4.23%,+0.03,10,70995,买盘
13:41:10,67.19,+4.17%,-0.04,5,34939,卖盘
13:41:13,67.22,+4.22%,+0.03,2,13444,中性盘
13:41:19,67.22,+4.22%,--,4,31661,卖盘
13:41:25,67.21,+4.20%,-0.01,8,58338,卖盘
13:41:28,67.21,+4.20%,--,2,13442,卖盘
13:41:31,67.18,+4.16%,-0.03,89,602537,卖盘
13:41:34,67.18,+4.16%,--,11,76115,买盘
13:41:37,67.16,+4.12%,-0.02,0,6582,买盘
13:41:40,67.36,+4.43%,+0.2,55,376408,买盘
13:41:43,67.36,+4.43%,--,10,67360,卖盘
13:41:46,67.36,+4.43%,--,27,185914,卖盘
13:41:49,67.4,+4.50%,+0.04,15,105481,买盘
13:41:52,67.36,+4.43%,-0.04,4,26944,卖盘
13:41:55,67.36,+4.43%,--,4,26944,卖盘
13:42:01,67.36,+4.43%,--,0,0,卖盘
13:49:28,67.16,+4.12%,--,2,17327,中性盘
13:49:28,67.16,+4.12%,--,2,17327,卖盘
13:49:31,67.16,+4.12%,--,2,13633,卖盘
13:49:34,67.16,+4.12%,--,10,71458,卖盘
13:49:37,67.16,+4.12%,--,2,14372,卖盘
13:49:40,67.15,+4.11%,-0.01,3,21622,卖盘
13:49:49,67.17,+4.14%,+0.02,2,13770,卖盘
13:49:52,67.15,+4.11%,-0.02,7,50027,卖盘
13:49:55,67.15,+4.11%,--,7,47811,卖盘
13:49:58,67.21,+4.20%,+0.06,64,434580,买盘
13:50:01,67.16,+4.12%,-0.05,4,32035,卖盘
13:50:07,67.13,+4.08%,-0.03,8,58000,卖盘
13:50:10,67.14,+4.09%,+0.01,3,21283,中性盘
13:50:13,67.11,+4.05%,-0.03,74,500842,卖盘
13:50:16,67.11,+4.05%,--,2,13892,卖盘
13:50:19,67.11,+4.05%,--,5,37649,卖盘
13:50:22,67.11,+4.05%,--,3,21073,卖盘
13:50:25,67.12,+4.06%,+0.01,2,13424,卖盘
13:50:34,67.19,+4.17%,+0.07,10,67526,买盘
13:50:37,67.12,+4.06%,-0.07,8,54233,卖盘
13:50:40,67.11,+4.05%,-0.01,9,63486,卖盘
13:50:46,67.1,+4.03%,-0.01,9,65825,卖盘
13:50:49,67.06,+3.97%,-0.04,23,154707,卖盘
13:50:55,67.06,+3.97%,-0.01,37,253554,卖盘
13:50:58,67.07,+3.98%,+0.01,4,28169,中性盘
13:51:04,67.08,+4.00%,+0.01,2,14691,卖盘
13:51:07,67.12,+4.06%,+0.04,5,36782,中性盘
13:51:10,67.11,+4.05%,-0.01,2,13422,卖盘
13:51:13,67.11,+4.05%,--,14,99457,买盘
13:51:19,67.07,+3.98%,-0.04,8,56540,卖盘
13:51:22,67.11,+4.05%,+0.04,8,59929,买盘
13:51:27,67.14,+4.09%,+0.03,10,67140,买盘
13:51:31,67.14,+4.09%,--,12,84596,买盘
13:51:34,67.14,+4.09%,--,1,13092,买盘
13:51:37,67.19,+4.17%,+0.05,11,79217,买盘
13:51:40,67.21,+4.20%,+0.02,10,67748,买盘
13:51:46,67.2,+4.19%,--,4,32122,卖盘
13:51:58,67.21,+4.20%,+0.01,2,13442,卖盘
13:52:01,67.28,+4.31%,+0.07,2,13456,买盘
13:52:04,67.28,+4.31%,--,2,13456,买盘
13:52:07,67.21,+4.20%,-0.07,5,38579,卖盘
13:52:10,67.28,+4.31%,+0.07,5,37744,买盘
13:52:13,67.31,+4.36%,+0.03,2,13462,买盘
13:52:16,67.31,+4.36%,--,2,16289,卖盘
13:52:19,67.28,+4.31%,-0.03,2,14600,卖盘
13:52:22,67.33,+4.39%,+0.05,5,33665,买盘
13:52:25,67.33,+4.39%,--,0,0,买盘
13:52:28,67.3,+4.34%,-0.03,7,48658,中性盘
13:52:31,67.29,+4.33%,-0.01,2,19380,卖盘
13:52:34,67.29,+4.33%,--,8,59215,卖盘
13:52:46,67.29,+4.33%,--,5,34318,卖盘
13:52:52,67.28,+4.31%,-0.01,2,13591,卖盘
13:52:55,67.29,+4.33%,+0.01,3,24965,买盘
13:52:58,67.29,+4.33%,--,2,13458,卖盘
13:53:01,67.29,+4.33%,--,2,20120,卖盘
13:53:04,67.31,+4.36%,+0.02,2,13529,买盘
13:53:10,67.31,+4.36%,--,10,71551,卖盘
13:56:52,67.18,+4.16%,--,5,34866,中性盘
13:56:58,67.18,+4.16%,--,7,51661,卖盘
13:57:10,67.18,+4.16%,--,3,21296,卖盘
13:57:13,67.18,+4.16%,--,3,22640,卖盘
13:57:22,67.26,+4.28%,+0.08,6,45468,买盘
13:57:34,67.19,+4.17%,-0.07,2,13640,卖盘
13:57:37,67.18,+4.16%,-0.01,2,15989,卖盘
13:57:46,67.18,+4.16%,--,2,14377,卖盘
13:57:52,67.18,+4.16%,--,2,15250,卖盘
13:58:01,67.26,+4.28%,+0.08,22,149048,买盘
13:58:07,67.19,+4.17%,-0.07,7,50460,卖盘
13:58:10,67.18,+4.16%,-0.01,10,67852,卖盘
13:58:13,67.18,+4.16%,--,4,27074,卖盘
13:58:16,67.18,+4.16%,--,9,64627,卖盘
13:58:19,67.19,+4.17%,+0.01,14,97761,买盘
13:58:22,67.19,+4.17%,--,13,88288,买盘
13:58:25,67.2,+4.19%,+0.01,2,13440,买盘
13:58:28,67.19,+4.17%,-0.01,2,13438,卖盘
13:58:40,67.2,+4.19%,+0.01,4,28224,卖盘
13:58:46,67.2,+4.19%,--,3,21907,卖盘
13:58:52,67.2,+4.19%,--,2,14381,卖盘
13:58:55,67.2,+4.19%,--,2,16464,卖盘
13:59:04,67.21,+4.20%,+0.01,2,13778,卖盘
13:59:07,67.21,+4.20%,--,5,34748,中性盘
13:59:10,67.2,+4.19%,-0.01,7,53021,卖盘
13:59:16,67.2,+4.19%,--,9,62899,卖盘
13:59:19,67.21,+4.20%,+0.01,37,251231,买盘
13:59:22,67.2,+4.19%,-0.01,2,13440,卖盘
13:59:25,67.21,+4.20%,+0.01,2,13644,买盘
13:59:28,67.21,+4.20%,--,5,35756,买盘
13:59:34,67.21,+4.20%,--,2,13442,买盘
13:59:37,67.21,+4.20%,--,2,13509,买盘
13:59:40,67.2,+4.19%,-0.01,5,36758,卖盘
13:59:49,67.2,+4.19%,--,2,14650,卖盘
13:59:52,67.2,+4.19%,--,2,16598,卖盘
13:59:55,67.21,+4.20%,+0.01,4,30043,买盘
13:59:58,67.19,+4.17%,-0.02,6,40986,卖盘
14:00:01,67.19,+4.17%,--,8,53752,卖盘
14:00:04,67.2,+4.19%,+0.01,4,26880,买盘
14:00:07,67.19,+4.17%,-0.01,6,40314,卖盘
14:00:10,67.18,+4.16%,-0.01,5,37486,卖盘
14:00:13,67.18,+4.16%,--,4,26872,卖盘
14:00:16,67.18,+4.16%,--,2,17467,卖盘
14:00:19,67.18,+4.16%,--,10,69867,卖盘
14:00:22,67.18,+4.16%,--,15,104465,卖盘
14:00:31,67.15,+4.11%,-0.03,4,32031,卖盘
14:00:34,67.14,+4.09%,-0.01,4,28467,卖盘
14:00:37,67.14,+4.09%,--,0,0,中性盘
14:00:43,67.14,+4.09%,--,2,13428,卖盘
14:00:46,67.11,+4.05%,-0.03,3,20334,卖盘
14:00:49,67.11,+4.05%,--,2,13623,卖盘
14:00:55,67.11,+4.05%,--,3,21475,卖盘
14:01:01,67.12,+4.06%,+0.01,2,13760,卖盘
14:01:04,67.11,+4.05%,-0.01,2,17113,卖盘
14:01:07,67.11,+4.05%,--,5,36508,卖盘
14:01:10,67.11,+4.05%,--,2,14160,卖盘
14:01:19,67.11,+4.05%,--,11,79928,卖盘
14:01:22,67.11,+4.05%,--,33,225490,卖盘
14:01:37,67.11,+4.05%,--,4,31273,卖盘
14:01:40,67.11,+4.05%,--,0,0,卖盘
14:01:46,67.17,+4.14%,+0.06,3,20151,买盘
14:01:49,67.12,+4.06%,-0.05,10,67120,卖盘
14:01:52,67.11,+4.05%,-0.01,3,20804,卖盘
14:01:55,67.18,+4.16%,+0.07,12,86729,买盘
14:01:58,67.18,+4.16%,--,4,29290,卖盘
14:02:01,67.18,+4.16%,--,4,30970,卖盘
14:02:07,67.12,+4.06%,-0.06,31,208945,卖盘
14:02:10,67.2,+4.19%,+0.08,15,106042,买盘
14:02:16,67.2,+4.19%,--,15,106714,卖盘
14:02:19,67.12,+4.06%,-0.08,7,48528,卖盘
14:02:25,67.14,+4.09%,+0.02,2,14099,中性盘
14:02:28,67.14,+4.09%,--,5,34779,卖盘
14:02:31,67.14,+4.09%,--,2,17054,卖盘
14:02:40,67.14,+4.09%,--,2,18464,卖盘
14:02:49,67.16,+4.12%,+0.02,2,18066,卖盘
14:02:52,67.21,+4.20%,+0.05,5,33672,买盘
14:02:55,67.23,+4.23%,+0.02,4,30657,买盘
14:02:58,67.15,+4.11%,-0.08,9,62920,卖盘
14:03:07,67.23,+4.23%,+0.08,82,551286,买盘
14:03:10,67.15,+4.11%,-0.08,3,20212,卖盘
14:03:19,67.15,+4.11%,--,3,23637,卖盘
14:03:22,67.15,+4.11%,--,7,51101,卖盘
14:03:28,67.15,+4.11%,--,13,88504,卖盘
14:03:34,67.15,+4.11%,--,4,31963,卖盘
14:03:40,67.15,+4.11%,--,2,14102,卖盘
14:03:43,67.15,+4.11%,--,2,14639,卖盘
14:03:49,67.15,+4.11%,--,6,42305,卖盘
14:03:55,67.15,+4.11%,--,9,60704,卖盘
14:04:01,67.15,+4.11%,--,2,17392,卖盘
14:04:04,67.15,+4.11%,--,8,53787,卖盘
14:04:07,67.15,+4.11%,--,9,66881,卖盘
14:04:19,67.16,+4.12%,+0.01,4,29886,中性盘
14:04:19,67.16,+4.12%,--,4,29886,中性盘
14:04:19,67.16,+4.12%,--,4,29886,卖盘
14:04:22,67.15,+4.11%,-0.01,10,72791,卖盘
14:04:25,67.15,+4.11%,--,4,26860,卖盘
14:04:31,67.15,+4.11%,--,10,67150,卖盘
14:04:34,67.18,+4.16%,+0.03,3,20154,买盘
14:04:37,67.15,+4.11%,-0.03,4,32568,卖盘
14:04:40,67.16,+4.12%,+0.01,33,221628,中性盘
14:04:43,67.18,+4.16%,+0.02,2,13436,买盘
14:04:52,67.15,+4.11%,-0.03,2,16116,卖盘
14:04:55,67.15,+4.11%,--,0,0,卖盘
14:05:01,67.16,+4.12%,+0.01,15,100740,卖盘
14:05:04,67.16,+4.12%,--,2,15715,卖盘
14:05:07,67.18,+4.16%,+0.02,3,20221,中性盘
14:05:10,67.18,+4.16%,--,2,16392,卖盘
14:05:19,67.18,+4.16%,--,5,33590,卖盘
14:05:22,67.2,+4.19%,+0.02,11,77750,买盘
14:05:25,67.2,+4.19%,--,29,199382,买盘
14:05:28,67.2,+4.19%,--,4,31114,卖盘
14:05:40,67.23,+4.23%,+0.03,8,59969,买盘
14:05:46,67.23,+4.23%,--,2,18085,卖盘
14:05:52,67.24,+4.25%,+0.01,2,13851,买盘
14:05:55,67.24,+4.25%,--,5,34023,买盘
14:05:58,67.24,+4.25%,--,6,46597,买盘
14:06:01,67.18,+4.16%,-0.06,2,18743,卖盘
14:06:07,67.18,+4.16%,--,3,20288,卖盘
14:06:13,67.18,+4.16%,--,0,0,卖盘
14:06:19,67.24,+4.25%,+0.06,5,34023,买盘
14:06:22,67.19,+4.17%,-0.05,3,23785,卖盘
14:06:25,67.19,+4.17%,--,0,0,卖盘
14:06:28,67.18,+4.16%,-0.01,13,87871,卖盘
14:06:40,67.18,+4.16%,--,2,16325,卖盘
14:06:43,67.18,+4.16%,--,7,51863,卖盘
14:06:46,67.19,+4.17%,+0.01,2,16462,中性盘
14:06:49,67.19,+4.17%,--,0,269,卖盘
14:06:52,67.24,+4.25%,+0.05,6,41487,买盘
14:06:55,67.27,+4.29%,+0.03,2,16548,买盘
14:06:58,67.27,+4.29%,--,15,102587,买盘
14:07:07,67.2,+4.19%,-0.07,7,50534,卖盘
14:07:10,67.2,+4.19%,--,2,16195,卖盘
14:07:13,67.2,+4.19%,--,2,14582,卖盘
14:07:16,67.2,+4.19%,--,2,13978,卖盘
14:07:31,67.2,+4.19%,--,20,139776,卖盘
14:07:34,67.22,+4.22%,+0.02,4,27224,买盘
14:07:37,67.22,+4.22%,--,2,13444,中性盘
14:07:40,67.22,+4.22%,--,18,123013,买盘
14:07:43,67.22,+4.22%,--,0,874,买盘
14:07:46,67.27,+4.29%,+0.05,2,16347,买盘
14:07:49,67.27,+4.29%,--,8,54892,卖盘
14:07:52,67.27,+4.29%,--,7,51058,卖盘
14:07:58,67.28,+4.31%,+0.01,2,15071,买盘
14:08:01,67.28,+4.31%,--,5,38080,买盘
14:08:01,67.28,+4.31%,--,5,38080,中性盘
14:08:07,67.3,+4.34%,+0.02,9,62051,买盘
14:08:10,67.3,+4.34%,--,5,34794,卖盘
14:08:16,67.3,+4.34%,--,3,20190,卖盘
14:08:19,67.32,+4.37%,+0.02,7,47124,买盘
14:08:22,67.3,+4.34%,-0.02,4,26920,卖盘
14:08:25,67.3,+4.34%,--,11,76991,卖盘
14:08:28,67.3,+4.34%,--,7,48725,卖盘
14:08:31,67.3,+4.34%,--,19,133523,卖盘
14:08:37,67.28,+4.31%,-0.02,8,56717,卖盘
14:08:43,67.3,+4.34%,+0.02,5,33650,买盘
14:08:46,67.3,+4.34%,--,8,53840,买盘
14:09:04,67.28,+4.31%,-0.02,6,42588,卖盘
14:09:07,67.28,+4.31%,--,6,45481,卖盘
14:09:10,67.28,+4.31%,--,5,33707,卖盘
14:09:16,67.28,+4.31%,--,7,47365,卖盘
14:09:19,67.28,+4.31%,--,6,40368,卖盘
14:09:22,67.28,+4.31%,--,4,30949,卖盘
14:09:28,67.28,+4.31%,--,42,287286,卖盘
14:09:37,67.28,+4.31%,--,11,75690,卖盘
14:09:40,67.28,+4.31%,--,2,13456,卖盘
14:09:43,67.29,+4.33%,+0.01,2,13458,买盘
14:09:46,67.28,+4.31%,-0.01,2,16685,卖盘
14:09:49,67.28,+4.31%,--,12,85715,卖盘
14:09:55,67.3,+4.34%,+0.02,3,26584,买盘
14:09:58,67.3,+4.34%,--,0,0,买盘
14:10:04,67.2,+4.19%,-0.1,164,1107725,卖盘
14:10:07,67.16,+4.12%,-0.04,9,64742,卖盘
14:10:10,67.15,+4.11%,-0.01,27,186274,卖盘
14:10:13,67.18,+4.16%,+0.03,6,41181,买盘
14:10:16,67.18,+4.16%,--,0,0,买盘
14:10:22,67.18,+4.16%,--,2,13436,买盘
14:10:25,67.16,+4.12%,-0.02,3,23305,卖盘
14:10:28,67.15,+4.11%,-0.01,4,31561,卖盘
14:10:31,67.18,+4.16%,+0.03,10,73629,买盘
14:10:34,67.15,+4.11%,-0.03,2,18399,卖盘
14:10:40,67.14,+4.09%,-0.01,10,68751,卖盘
14:10:43,67.18,+4.16%,+0.04,2,14578,买盘
14:10:49,67.14,+4.09%,-0.04,2,14704,卖盘
14:10:55,67.15,+4.11%,+0.01,2,14572,中性盘
14:10:58,67.15,+4.11%,--,4,29680,卖盘
14:11:01,67.15,+4.11%,--,4,29882,卖盘
14:11:04,67.14,+4.09%,-0.01,2,13831,卖盘
14:11:07,67.14,+4.09%,--,27,185642,卖盘
14:11:10,67.14,+4.09%,--,4,32697,卖盘
14:11:16,67.14,+4.09%,--,5,33570,卖盘
14:11:19,67.14,+4.09%,--,13,89498,卖盘
14:11:25,67.14,+4.09%,-0.01,7,47602,卖盘
14:11:28,67.14,+4.09%,--,2,15711,卖盘
14:11:31,67.14,+4.09%,--,10,69356,卖盘
14:11:34,67.14,+4.09%,--,2,14771,卖盘
14:11:37,67.15,+4.11%,+0.01,4,30822,买盘
14:11:40,67.14,+4.09%,-0.01,13,89229,卖盘
14:11:40,67.14,+4.09%,--,13,89229,中性盘
14:11:55,67.15,+4.11%,--,2,13430,买盘
14:11:58,67.15,+4.11%,--,4,30956,买盘
14:12:01,67.14,+4.09%,-0.01,2,19135,卖盘
14:12:04,67.15,+4.11%,+0.01,2,13430,买盘
14:12:07,67.12,+4.06%,-0.03,7,51750,卖盘
14:12:19,67.12,+4.06%,--,2,14095,卖盘
14:12:25,67.12,+4.06%,--,3,24834,卖盘
14:12:28,67.12,+4.06%,--,0,0,卖盘
14:12:31,67.12,+4.06%,--,4,32150,卖盘
14:12:34,67.12,+4.06%,--,2,13961,卖盘
14:12:37,67.11,+4.05%,-0.01,5,37447,卖盘
14:12:40,67.09,+4.02%,-0.02,94,637020,卖盘
14:12:43,67.08,+4.00%,-0.01,7,47828,卖盘
14:12:49,67.07,+3.98%,-0.01,2,18243,卖盘
14:12:52,67.07,+3.98%,--,6,43528,卖盘
14:12:55,67.07,+3.98%,--,4,28035,卖盘
14:12:58,67.06,+3.97%,-0.01,17,116953,卖盘
14:13:01,67.06,+3.97%,--,12,84361,卖盘
14:13:04,67.06,+3.97%,--,17,117422,卖盘
14:13:07,67.02,+3.91%,-0.04,12,84177,卖盘
14:13:10,67.02,+3.91%,--,7,50600,卖盘
14:13:13,67.02,+3.91%,--,2,13404,卖盘
14:13:16,67.03,+3.92%,+0.01,2,13741,中性盘
14:13:19,67.03,+3.92%,--,7,48463,卖盘
14:13:22,67.03,+3.92%,--,3,20243,卖盘
14:13:25,67.03,+3.92%,--,4,27683,卖盘
14:13:28,67.06,+3.97%,+0.03,8,58342,买盘
14:13:31,67.03,+3.92%,-0.03,4,31638,卖盘
14:13:34,67.05,+3.95%,+0.02,5,33525,中性盘
14:13:37,67.07,+3.98%,+0.02,24,166401,买盘
14:13:40,67.1,+4.03%,+0.03,31,210694,买盘
14:13:43,67.07,+3.98%,-0.03,6,43059,卖盘
14:13:46,67.08,+4.00%,+0.01,10,72446,中性盘
14:13:49,67.08,+4.00%,--,7,49572,卖盘
14:13:52,67.08,+4.00%,--,12,83649,卖盘
14:13:55,67.15,+4.11%,+0.07,3,24443,买盘
14:13:58,67.08,+4.00%,-0.07,2,17709,卖盘
14:14:07,67.08,+4.00%,--,10,67080,卖盘
14:14:10,67.15,+4.11%,+0.07,25,172844,买盘
14:14:16,67.08,+4.00%,-0.07,3,22203,卖盘
14:14:19,67.08,+4.00%,--,9,61043,卖盘
14:14:22,67.15,+4.11%,+0.07,2,13430,买盘
14:14:25,67.15,+4.11%,--,0,0,买盘
14:14:28,67.08,+4.00%,-0.07,6,44944,卖盘
14:14:34,67.08,+4.00%,--,4,26832,卖盘
14:14:37,67.08,+4.00%,--,7,50310,卖盘
14:14:40,67.08,+4.00%,--,2,17441,卖盘
14:14:43,67.08,+4.00%,--,2,13416,卖盘
14:14:46,67.08,+4.00%,--,2,14355,卖盘
14:14:48,67.08,+4.00%,--,0,0,卖盘
14:14:58,67.08,+4.00%,--,6,43132,卖盘
14:15:01,67.07,+3.98%,-0.01,7,46949,卖盘
14:15:04,67.07,+3.98%,--,28,190680,卖盘
14:15:07,67.07,+3.98%,--,19,131927,卖盘
14:15:10,67.03,+3.92%,-0.04,5,37604,卖盘
14:15:13,67.03,+3.92%,--,8,58718,卖盘
14:15:16,67.03,+3.92%,--,11,75007,卖盘
14:15:19,67.04,+3.94%,+0.01,26,176784,中性盘
14:15:22,67.04,+3.94%,--,0,0,卖盘
14:15:25,67.07,+3.98%,+0.03,11,77466,买盘
14:15:28,67.08,+4.00%,+0.01,6,41254,买盘
14:15:28,67.08,+4.00%,--,6,41254,中性盘
14:15:28,67.08,+4.00%,--,6,41254,卖盘
14:15:31,67.09,+4.02%,+0.01,2,13418,卖盘
14:15:34,67.08,+4.00%,-0.01,2,13953,卖盘
14:15:37,67.01,+3.89%,-0.07,208,1396220,卖盘
14:15:43,67.01,+3.89%,--,48,327277,卖盘
14:15:46,67.01,+3.89%,--,31,209071,卖盘
14:15:49,67.01,+3.89%,--,2,13402,卖盘
14:15:52,67.04,+3.94%,+0.03,9,63420,买盘
14:15:55,67.06,+3.97%,+0.02,3,20118,卖盘
14:15:58,67.02,+3.91%,-0.04,10,67020,卖盘
14:16:04,67.03,+3.92%,+0.01,2,13607,卖盘
14:16:07,67.02,+3.91%,-0.01,10,71510,卖盘
14:16:13,67.09,+4.02%,+0.07,6,40992,买盘
14:16:16,67.09,+4.02%,--,0,0,买盘
14:16:19,67.05,+3.95%,-0.04,7,50355,卖盘
14:16:22,67.04,+3.94%,-0.01,3,20514,卖盘
14:16:28,67.04,+3.94%,--,3,22727,卖盘
14:16:31,67.05,+3.95%,+0.01,6,42174,卖盘
14:16:34,67.05,+3.95%,--,2,13812,卖盘
14:16:37,67.05,+3.95%,--,4,30642,卖盘
14:16:40,67.05,+3.95%,--,2,13745,卖盘
14:16:46,67.05,+3.95%,--,0,0,卖盘
14:16:49,67.06,+3.97%,+0.01,2,15290,卖盘
14:16:52,67.05,+3.95%,-0.01,4,28764,卖盘
14:16:55,67.09,+4.02%,+0.04,4,31734,买盘
14:16:58,67.06,+3.97%,-0.03,2,13814,中性盘
14:17:01,67.05,+3.95%,-0.01,3,23803,卖盘
14:17:04,67.06,+3.97%,+0.01,5,36749,中性盘
14:17:07,67.06,+3.97%,--,23,155646,买盘
14:17:10,67.06,+3.97%,--,10,67596,卖盘
14:17:16,67.12,+4.06%,+0.06,50,335667,买盘
14:17:19,67.2,+4.19%,+0.08,68,459110,买盘
14:17:40,67.25,+4.26%,+0.05,2,13786,买盘
14:17:43,67.25,+4.26%,--,2,13652,买盘
14:17:46,67.19,+4.17%,-0.06,8,56104,卖盘
14:17:49,67.2,+4.19%,+0.01,3,24528,买盘
14:17:52,67.2,+4.19%,--,7,50198,买盘
14:17:58,67.2,+4.19%,--,29,196090,买盘
14:18:01,67.19,+4.17%,-0.01,13,90169,卖盘
14:18:04,67.2,+4.19%,+0.01,9,63235,买盘
14:18:07,67.2,+4.19%,--,47,318528,买盘
14:18:10,67.16,+4.12%,-0.04,76,515184,卖盘
14:18:16,67.16,+4.12%,--,2,13969,卖盘
14:18:19,67.16,+4.12%,--,7,50706,卖盘
14:18:36,67.17,+4.14%,+0.01,4,27808,卖盘
14:18:46,67.18,+4.16%,+0.01,2,17736,卖盘
14:18:49,67.18,+4.16%,--,2,19146,卖盘
14:18:55,67.25,+4.26%,+0.07,2,13450,买盘
14:19:01,67.25,+4.26%,--,0,0,买盘
14:19:04,67.18,+4.16%,-0.07,3,20154,卖盘
14:19:10,67.18,+4.16%,--,3,23782,中性盘
14:19:10,67.18,+4.16%,--,3,23782,卖盘
14:19:13,67.18,+4.16%,--,30,201540,卖盘
14:19:16,67.17,+4.14%,-0.01,48,324834,卖盘
14:19:19,67.16,+4.12%,-0.01,16,111418,卖盘
14:19:25,67.16,+4.12%,--,13,90465,卖盘
14:19:28,67.16,+4.12%,--,2,16320,买盘
14:19:31,67.14,+4.09%,-0.02,15,105611,卖盘
14:19:34,67.15,+4.11%,+0.01,26,177612,买盘
14:19:37,67.14,+4.09%,-0.01,52,350739,卖盘
14:19:40,67.14,+4.09%,--,0,0,卖盘
14:19:49,67.14,+4.09%,--,10,67140,卖盘
14:19:52,67.14,+4.09%,--,2,16584,卖盘
14:20:04,67.2,+4.19%,+0.06,6,40858,买盘
14:20:07,67.14,+4.09%,-0.06,52,352485,卖盘
14:20:10,67.19,+4.17%,+0.05,2,19619,买盘
14:20:13,67.14,+4.09%,-0.05,37,249828,卖盘
14:20:16,67.14,+4.09%,--,4,31556,卖盘
14:20:19,67.14,+4.09%,--,30,206254,卖盘
14:20:37,67.21,+4.20%,+0.07,17,118155,买盘
14:20:40,67.2,+4.19%,-0.01,2,16464,卖盘
14:20:43,67.2,+4.19%,--,0,0,卖盘
14:20:49,67.2,+4.19%,--,0,0,中性盘
14:20:52,67.2,+4.19%,--,2,13440,买盘
14:20:55,67.23,+4.23%,+0.03,3,26556,买盘
14:20:58,67.22,+4.22%,-0.01,8,55524,中性盘
14:21:04,67.23,+4.23%,+0.01,2,13849,买盘
14:21:07,67.23,+4.23%,--,5,37044,买盘
14:21:10,67.25,+4.26%,+0.02,11,74715,买盘
14:21:13,67.25,+4.26%,--,0,336,买盘
14:21:16,67.29,+4.33%,+0.04,12,81555,买盘
14:21:19,67.24,+4.25%,-0.05,6,45858,卖盘
14:21:22,67.24,+4.25%,--,6,40949,卖盘
14:21:25,67.24,+4.25%,--,0,0,卖盘
14:21:28,67.25,+4.26%,+0.01,2,14257,卖盘
14:21:31,67.24,+4.25%,-0.01,14,97498,卖盘
14:21:37,67.25,+4.26%,+0.01,4,27505,买盘
14:21:46,67.24,+4.25%,-0.01,2,13448,卖盘
14:21:49,67.24,+4.25%,--,6,41353,卖盘
14:21:52,67.24,+4.25%,--,2,13717,卖盘
14:21:55,67.24,+4.25%,--,2,14860,卖盘
14:21:58,67.23,+4.23%,-0.01,6,41750,卖盘
14:22:01,67.25,+4.26%,+0.02,10,67250,买盘
14:22:07,67.23,+4.23%,-0.02,4,29716,卖盘
14:22:10,67.16,+4.12%,-0.07,7,49094,卖盘
14:22:13,67.16,+4.12%,--,2,14977,卖盘
14:22:16,67.17,+4.14%,+0.01,9,63140,卖盘
14:22:19,67.16,+4.12%,-0.01,7,51042,卖盘
14:22:22,67.16,+4.12%,--,2,13768,卖盘
14:22:25,67.16,+4.12%,--,3,22364,卖盘
14:22:34,67.16,+4.12%,--,2,13432,卖盘
14:22:46,67.16,+4.12%,--,4,28140,卖盘
14:22:49,67.17,+4.14%,+0.01,2,14845,中性盘
14:22:52,67.17,+4.14%,--,2,15449,卖盘
14:22:52,67.17,+4.14%,--,2,15449,中性盘
14:22:55,67.21,+4.20%,+0.04,11,76552,买盘
14:22:58,67.17,+4.14%,-0.04,11,75835,卖盘
14:23:04,67.17,+4.14%,--,8,53736,卖盘
14:23:07,67.17,+4.14%,--,7,49773,卖盘
14:23:10,67.17,+4.14%,--,4,31301,卖盘
14:23:13,67.21,+4.20%,+0.04,2,13442,买盘
14:23:16,67.17,+4.14%,-0.04,2,16658,卖盘
14:23:19,67.17,+4.14%,--,10,67842,卖盘
14:23:22,67.17,+4.14%,--,11,77111,卖盘
14:23:25,67.17,+4.14%,--,6,41914,卖盘
14:23:28,67.17,+4.14%,--,2,16322,卖盘
14:23:31,67.17,+4.14%,--,2,14643,卖盘
14:23:34,67.17,+4.14%,--,2,14442,卖盘
14:23:37,67.17,+4.14%,--,6,40302,卖盘
14:23:40,67.17,+4.14%,--,12,85978,卖盘
14:23:49,67.16,+4.12%,-0.01,2,17059,卖盘
14:23:55,67.16,+4.12%,--,3,21290,卖盘
14:23:58,67.16,+4.12%,--,4,26864,卖盘
14:24:01,67.15,+4.11%,-0.01,102,686004,卖盘
14:24:07,67.14,+4.09%,-0.01,17,114608,卖盘
14:24:10,67.14,+4.09%,--,4,33503,卖盘
14:24:13,67.14,+4.09%,--,6,40284,卖盘
14:24:16,67.14,+4.09%,--,2,18598,卖盘
14:24:19,67.14,+4.09%,--,9,64522,卖盘
14:24:22,67.14,+4.09%,--,5,35718,卖盘
14:24:25,67.14,+4.09%,--,4,26856,卖盘
14:24:34,67.15,+4.11%,+0.01,34,228511,买盘
14:24:37,67.15,+4.11%,--,3,22495,卖盘
14:24:40,67.15,+4.11%,--,2,15445,卖盘
14:24:49,67.15,+4.11%,--,35,238517,卖盘
14:24:52,67.19,+4.17%,+0.04,20,134380,买盘
14:24:55,67.19,+4.17%,--,10,70012,买盘
14:24:58,67.19,+4.17%,--,5,33595,卖盘
14:25:04,67.19,+4.17%,--,3,23651,卖盘
14:25:07,67.16,+4.12%,-0.03,4,31632,卖盘
14:25:10,67.16,+4.12%,--,7,48960,卖盘
14:25:16,67.16,+4.12%,--,4,27536,买盘
14:25:19,67.16,+4.12%,--,3,23506,买盘
14:25:22,67.16,+4.12%,--,5,38416,买盘
14:25:25,67.16,+4.12%,--,6,42781,买盘
14:25:28,67.15,+4.11%,-0.01,14,98106,卖盘
14:25:31,67.16,+4.12%,+0.01,6,44863,买盘
14:25:34,67.16,+4.12%,--,2,15111,卖盘
14:25:37,67.17,+4.14%,+0.01,4,32510,中性盘
14:25:46,67.18,+4.16%,+0.01,10,69800,卖盘
14:25:49,67.18,+4.16%,--,2,13839,卖盘
14:25:52,67.17,+4.14%,-0.01,2,13434,卖盘
14:25:55,67.17,+4.14%,--,2,13434,卖盘
14:26:01,67.16,+4.12%,-0.01,10,68302,卖盘
14:26:04,67.16,+4.12%,--,0,0,卖盘
14:26:07,67.16,+4.12%,--,15,102688,卖盘
14:26:10,67.16,+4.12%,--,7,50303,卖盘
14:26:19,67.16,+4.12%,--,7,48019,卖盘
14:26:22,67.16,+4.12%,--,4,30894,卖盘
14:26:25,67.17,+4.14%,+0.01,3,25726,买盘
14:26:28,67.16,+4.12%,-0.01,10,72600,卖盘
14:26:31,67.17,+4.14%,+0.01,4,30495,买盘
14:26:34,67.15,+4.11%,-0.02,3,22160,卖盘
14:26:34,67.15,+4.11%,--,3,22160,中性盘
14:26:37,67.15,+4.11%,--,2,14706,卖盘
14:26:40,67.15,+4.11%,--,7,48147,卖盘
14:26:43,67.16,+4.12%,+0.01,9,66018,买盘
14:26:46,67.16,+4.12%,--,2,14171,卖盘
14:26:49,67.16,+4.12%,--,2,19678,卖盘
14:26:52,67.17,+4.14%,+0.01,4,26868,买盘
14:26:55,67.17,+4.14%,--,4,26868,买盘
14:26:58,67.17,+4.14%,--,3,24450,买盘
14:27:01,67.19,+4.17%,+0.02,4,29564,买盘
14:27:04,67.23,+4.23%,+0.04,27,182866,买盘
14:27:07,67.23,+4.23%,--,1,6723,买盘
14:27:10,67.16,+4.12%,-0.07,58,391341,卖盘
14:27:13,67.23,+4.23%,+0.07,2,13446,买盘
14:27:16,67.16,+4.12%,-0.07,50,335800,卖盘
14:27:19,67.23,+4.23%,+0.07,9,63465,买盘
14:27:22,67.23,+4.23%,--,3,24404,买盘
14:27:25,67.17,+4.14%,-0.06,35,236103,卖盘
14:27:28,67.16,+4.12%,-0.01,17,114911,卖盘
14:27:31,67.17,+4.14%,+0.01,50,341224,买盘
14:27:34,67.17,+4.14%,--,0,0,卖盘
14:27:37,67.17,+4.14%,--,9,61796,卖盘
14:27:40,67.16,+4.12%,-0.01,11,78712,卖盘
14:27:43,67.16,+4.12%,--,11,78241,卖盘
14:27:46,67.16,+4.12%,--,18,123239,买盘
14:27:49,67.16,+4.12%,--,5,39692,卖盘
14:27:52,67.16,+4.12%,--,30,201480,卖盘
14:27:55,67.16,+4.12%,--,19,128477,卖盘
14:28:01,67.16,+4.12%,--,4,26864,买盘
14:28:04,67.15,+4.11%,-0.01,52,349180,卖盘
14:28:07,67.15,+4.11%,--,12,83065,卖盘
14:28:10,67.15,+4.11%,--,4,32702,卖盘
14:28:13,67.15,+4.11%,--,30,201450,卖盘
14:28:16,67.15,+4.11%,--,5,34649,卖盘
14:28:19,67.15,+4.11%,--,10,70373,卖盘
14:28:22,67.15,+4.11%,--,0,201,卖盘
14:28:25,67.14,+4.09%,-0.01,5,35181,卖盘
14:28:28,67.14,+4.09%,--,20,134280,卖盘
14:28:31,67.14,+4.09%,--,2,14032,卖盘
14:28:34,67.15,+4.11%,+0.01,10,71313,买盘
14:28:37,67.14,+4.09%,-0.01,50,335700,卖盘
14:28:40,67.14,+4.09%,--,15,105611,卖盘
14:28:43,67.13,+4.08%,-0.01,46,312155,卖盘
14:28:55,67.13,+4.08%,--,2,13762,卖盘
14:29:01,67.16,+4.12%,+0.03,19,133514,买盘
14:29:07,67.15,+4.11%,-0.01,30,201450,卖盘
14:29:10,67.15,+4.11%,--,4,32098,卖盘
14:29:19,67.15,+4.11%,--,3,22227,卖盘
14:29:22,67.15,+4.11%,--,3,20346,卖盘
14:29:25,67.17,+4.14%,+0.02,2,13837,买盘
14:29:28,67.15,+4.11%,-0.02,7,48348,卖盘
14:29:31,67.15,+4.11%,--,3,21689,卖盘
14:29:46,67.13,+4.08%,-0.02,132,888600,卖盘
14:29:49,67.13,+4.08%,--,2,13426,卖盘
14:29:52,67.15,+4.11%,+0.02,2,13430,买盘
14:29:55,67.16,+4.12%,+0.01,2,17529,买盘
14:29:58,67.15,+4.11%,-0.01,5,38141,卖盘
14:30:01,67.15,+4.11%,--,2,19071,卖盘
14:30:07,67.15,+4.11%,--,42,287268,卖盘
14:30:10,67.13,+4.08%,-0.02,14,95190,卖盘
14:30:13,67.13,+4.08%,--,13,93042,卖盘
14:30:16,67.12,+4.06%,-0.01,17,116386,卖盘
14:30:19,67.12,+4.06%,--,28,193306,中性盘
14:30:19,67.12,+4.06%,--,28,193306,卖盘
14:30:22,67.12,+4.06%,--,12,84437,卖盘
14:30:25,67.12,+4.06%,--,5,33761,卖盘
14:30:28,67.12,+4.06%,--,6,41145,卖盘
14:30:31,67.12,+4.06%,--,52,354461,卖盘
14:30:37,67.12,+4.06%,--,5,38191,卖盘
14:30:40,67.12,+4.06%,--,26,174512,卖盘
14:30:43,67.12,+4.06%,--,4,30472,卖盘
14:30:46,67.12,+4.06%,--,4,27989,卖盘
14:30:49,67.1,+4.03%,-0.02,7,50191,卖盘
14:30:52,67.1,+4.03%,--,6,45695,卖盘
14:30:55,67.11,+4.05%,+0.01,7,53554,买盘
14:31:01,67.1,+4.03%,-0.01,7,47373,卖盘
14:31:04,67.11,+4.05%,+0.01,3,22415,买盘
14:31:07,67.11,+4.05%,--,25,173681,卖盘
14:31:13,67.13,+4.08%,+0.02,2,13426,买盘
14:31:16,67.11,+4.05%,-0.02,2,13422,卖盘
14:31:19,67.11,+4.05%,--,24,161668,卖盘
14:31:25,67.12,+4.06%,--,3,21009,买盘
14:31:28,67.12,+4.06%,--,36,247002,卖盘
14:31:31,67.12,+4.06%,--,7,50340,买盘
14:31:34,67.11,+4.05%,-0.01,18,121536,卖盘
14:31:40,67.11,+4.05%,--,2,14630,卖盘
14:31:46,67.11,+4.05%,-0.01,11,75029,卖盘
14:31:52,67.11,+4.05%,--,8,56104,卖盘
14:31:55,67.12,+4.06%,+0.01,10,68865,买盘
14:31:58,67.12,+4.06%,--,16,112023,买盘
14:32:01,67.11,+4.05%,-0.01,6,46037,卖盘
14:32:04,67.11,+4.05%,--,2,14227,卖盘
14:32:07,67.11,+4.05%,--,23,159856,卖盘
14:32:16,67.1,+4.03%,-0.01,11,75622,卖盘
14:32:19,67.1,+4.03%,--,10,72401,卖盘
14:32:22,67.1,+4.03%,--,4,31336,卖盘
14:32:25,67.11,+4.05%,+0.01,5,33555,买盘
14:32:28,67.1,+4.03%,-0.01,51,346504,卖盘
14:32:31,67.1,+4.03%,--,2,14494,卖盘
14:32:34,67.1,+4.03%,--,2,13420,卖盘
14:32:37,67.11,+4.05%,+0.01,11,73821,买盘
14:32:40,67.11,+4.05%,--,1,6711,卖盘
14:32:49,67.11,+4.05%,+0.01,6,40266,买盘
14:32:52,67.1,+4.03%,-0.01,2,18318,卖盘
14:32:55,67.11,+4.05%,+0.01,15,102947,买盘
14:32:58,67.1,+4.03%,-0.01,9,63544,卖盘
14:33:04,67.1,+4.03%,-0.01,7,49990,卖盘
14:33:07,67.1,+4.03%,--,4,28585,卖盘
14:33:10,67.12,+4.06%,+0.02,4,26848,买盘
14:33:13,67.11,+4.05%,-0.01,4,26844,买盘
14:33:19,67.11,+4.05%,--,2,13825,买盘
14:33:22,67.1,+4.03%,-0.01,6,46232,卖盘
14:33:25,67.11,+4.05%,+0.01,8,55768,买盘
14:33:28,67.11,+4.05%,--,2,15234,卖盘
14:33:40,67.11,+4.05%,--,4,26844,买盘
14:33:46,67.1,+4.03%,-0.01,2,18788,卖盘
14:33:49,67.11,+4.05%,+0.01,12,86438,买盘
14:33:52,67.11,+4.05%,--,2,17851,卖盘
14:33:55,67.11,+4.05%,--,2,16576,卖盘
14:34:01,67.11,+4.05%,--,10,69593,中性盘
14:34:01,67.11,+4.05%,--,10,69593,卖盘
14:34:13,67.11,+4.05%,-0.01,7,46977,卖盘
14:34:16,67.12,+4.06%,+0.01,16,107392,买盘
14:34:19,67.11,+4.05%,-0.01,7,53487,卖盘
14:34:22,67.12,+4.06%,+0.01,6,40272,买盘
14:34:25,67.11,+4.05%,-0.01,7,52950,卖盘
14:34:31,67.11,+4.05%,-0.01,2,14898,卖盘
14:34:34,67.12,+4.06%,+0.01,2,13424,买盘
14:34:37,67.11,+4.05%,-0.01,12,80532,卖盘
14:34:40,67.11,+4.05%,--,2,13422,卖盘
14:34:46,67.12,+4.06%,+0.01,4,26848,买盘
14:34:49,67.12,+4.06%,--,3,20136,买盘
14:34:52,67.12,+4.06%,--,9,61549,买盘
14:34:55,67.13,+4.08%,+0.01,5,34908,买盘
14:34:58,67.12,+4.06%,-0.01,5,36178,卖盘
14:35:01,67.12,+4.06%,--,2,13424,卖盘
14:35:07,67.11,+4.05%,-0.01,57,383802,卖盘
14:35:10,67.11,+4.05%,--,6,42346,卖盘
14:35:13,67.1,+4.03%,-0.01,50,335500,卖盘
14:35:16,67.1,+4.03%,--,6,46232,卖盘
14:35:19,67.11,+4.05%,+0.01,12,82277,中性盘
14:35:22,67.11,+4.05%,--,0,6375,卖盘
14:35:25,67.11,+4.05%,--,1,7047,买盘
14:35:28,67.11,+4.05%,--,3,23958,卖盘
14:35:31,67.1,+4.03%,-0.01,5,38314,卖盘
14:35:40,67.1,+4.03%,--,61,415215,卖盘
14:35:43,67.1,+4.03%,--,181,1220146,卖盘
14:35:46,67.11,+4.05%,+0.01,2,15838,中性盘
14:35:49,67.1,+4.03%,-0.01,40,270950,卖盘
14:35:58,67.1,+4.03%,--,21,147419,卖盘
14:36:01,67.1,+4.03%,--,5,36972,卖盘
14:36:10,67.1,+4.03%,--,12,84882,卖盘
14:36:16,67.1,+4.03%,--,8,58176,卖盘
14:36:19,67.1,+4.03%,--,3,23015,卖盘
14:36:22,67.1,+4.03%,--,2,16372,卖盘
14:36:25,67.11,+4.05%,+0.01,2,17381,买盘
14:36:28,67.11,+4.05%,--,2,13422,买盘
14:36:31,67.11,+4.05%,--,12,86773,买盘
14:36:37,67.1,+4.03%,-0.01,2,13420,卖盘
14:36:40,67.1,+4.03%,--,3,20130,卖盘
14:36:46,67.1,+4.03%,--,5,33550,卖盘
14:36:55,67.1,+4.03%,--,2,14628,卖盘
14:36:58,67.11,+4.05%,+0.01,2,13422,买盘
14:37:01,67.09,+4.02%,-0.02,4,32606,卖盘
14:37:04,67.1,+4.03%,+0.01,28,191235,买盘
14:37:07,67.09,+4.02%,-0.01,24,162022,卖盘
14:37:10,67.1,+4.03%,+0.01,8,54016,中性盘
14:37:13,67.09,+4.02%,-0.01,2,19792,卖盘
14:37:16,67.09,+4.02%,--,2,13418,买盘
14:37:19,67.07,+3.98%,-0.02,3,21865,卖盘
14:37:22,67.06,+3.97%,-0.01,10,72022,卖盘
14:37:25,67.07,+3.98%,+0.01,2,13414,买盘
14:37:28,67.05,+3.95%,-0.02,42,285566,卖盘
14:37:31,67.03,+3.92%,-0.02,5,36129,卖盘
14:37:34,67.03,+3.92%,--,0,0,卖盘
14:37:37,67.03,+3.92%,--,22,154102,卖盘
14:37:40,67.03,+3.92%,--,18,122330,卖盘
14:37:43,67.03,+3.92%,--,6,46050,卖盘
14:37:43,67.03,+3.92%,--,6,46050,中性盘
14:37:46,67.03,+3.92%,--,10,67030,卖盘
14:37:49,67.03,+3.92%,--,16,110868,卖盘
14:37:52,67.03,+3.92%,--,24,166637,卖盘
14:37:55,67.02,+3.91%,-0.01,14,94766,卖盘
14:37:58,67.01,+3.89%,-0.01,5,33505,卖盘
14:38:04,67.01,+3.89%,--,3,20974,卖盘
14:38:07,67.0,+3.88%,-0.01,94,634021,卖盘
14:38:10,67.0,+3.88%,--,7,47302,卖盘
14:38:13,67.0,+3.88%,--,66,443205,卖盘
14:38:16,66.96,+3.81%,-0.04,37,248221,卖盘
14:38:19,66.93,+3.77%,-0.03,10,69406,卖盘
14:38:22,66.93,+3.77%,--,2,19544,卖盘
14:38:25,66.93,+3.77%,--,6,42300,卖盘
14:38:28,66.93,+3.77%,--,7,49863,卖盘
14:38:31,66.9,+3.72%,-0.03,7,49974,卖盘
14:38:34,66.9,+3.72%,--,0,0,卖盘
14:38:37,66.88,+3.69%,-0.02,9,65542,卖盘
14:38:40,66.89,+3.71%,+0.01,6,42876,中性盘
14:38:46,66.9,+3.72%,+0.01,38,256829,买盘
14:38:49,66.86,+3.66%,-0.04,44,300268,卖盘
14:38:52,66.82,+3.60%,-0.04,2,15836,卖盘
14:38:55,66.81,+3.58%,-0.01,10,67278,卖盘
14:38:58,66.82,+3.60%,+0.01,15,100765,买盘
14:39:01,66.78,+3.53%,-0.04,23,157801,卖盘
14:39:07,66.75,+3.49%,-0.03,75,505765,卖盘
14:39:10,66.76,+3.50%,+0.01,19,128246,中性盘
14:39:13,66.78,+3.53%,+0.02,61,413101,买盘
14:39:19,66.78,+3.53%,--,4,26712,卖盘
14:39:22,66.81,+3.58%,+0.03,22,150723,买盘
14:39:25,66.76,+3.50%,-0.05,102,683756,卖盘
14:39:28,66.83,+3.61%,+0.07,4,27133,买盘
14:39:31,66.82,+3.60%,-0.01,32,218702,卖盘
14:39:34,66.81,+3.58%,-0.01,18,120258,中性盘
14:39:37,66.82,+3.60%,+0.01,66,445689,买盘
14:39:40,66.82,+3.60%,--,27,181015,卖盘
14:39:43,66.82,+3.60%,--,5,33410,卖盘
14:39:46,66.82,+3.60%,--,3,21316,卖盘
14:39:49,66.86,+3.66%,+0.04,2,13372,买盘
14:39:58,66.82,+3.60%,-0.04,12,80184,卖盘
14:40:01,66.82,+3.60%,--,12,83993,卖盘
14:40:07,66.84,+3.63%,+0.02,13,89031,中性盘
14:40:10,66.84,+3.63%,--,8,58151,卖盘
14:40:13,66.86,+3.66%,+0.02,5,36372,买盘
14:40:15,66.93,+3.77%,+0.07,81,543338,买盘
14:40:19,66.93,+3.77%,--,14,93702,买盘
14:40:22,66.93,+3.77%,--,2,13721,买盘
14:40:25,67.0,+3.88%,+0.07,16,109076,买盘
14:40:31,67.0,+3.88%,--,7,46900,买盘
14:40:37,67.0,+3.88%,--,22,152827,买盘
14:40:40,66.93,+3.77%,-0.07,3,20481,卖盘
14:40:43,66.93,+3.77%,--,0,0,卖盘
14:40:49,67.0,+3.88%,+0.07,2,18023,买盘
14:40:52,66.94,+3.78%,-0.06,3,21287,中性盘
14:40:55,66.94,+3.78%,--,4,29119,卖盘
14:41:01,66.94,+3.78%,--,0,0,卖盘
14:41:10,66.97,+3.83%,+0.03,3,21966,买盘
14:41:22,66.96,+3.81%,-0.01,4,32007,卖盘
14:41:25,66.95,+3.80%,-0.01,8,59050,卖盘
14:41:25,66.95,+3.80%,-0.01,8,59050,中性盘
14:41:37,66.94,+3.78%,-0.01,4,26776,卖盘
14:41:40,66.96,+3.81%,+0.02,11,73656,买盘
14:41:43,66.94,+3.78%,-0.02,5,36951,卖盘
14:41:49,66.93,+3.77%,-0.01,51,347300,卖盘
14:41:58,66.94,+3.78%,+0.01,10,69618,中性盘
14:42:01,66.93,+3.77%,-0.01,12,82659,卖盘
14:42:04,66.96,+3.81%,+0.03,7,46872,买盘
14:42:07,66.96,+3.81%,--,5,33480,买盘
14:42:10,66.93,+3.77%,-0.03,2,14323,卖盘
14:42:16,66.93,+3.77%,--,4,26772,卖盘
14:42:22,66.93,+3.77%,--,8,54950,卖盘
14:42:25,66.93,+3.77%,--,6,40158,买盘
14:42:31,66.9,+3.72%,-0.03,45,305733,卖盘
14:42:37,66.88,+3.69%,-0.02,5,39994,卖盘
14:42:40,66.88,+3.69%,--,5,33641,买盘
14:42:43,66.88,+3.69%,--,0,0,卖盘
14:42:49,66.87,+3.67%,-0.01,15,106390,卖盘
14:42:52,66.87,+3.67%,--,4,28219,卖盘
14:42:55,66.87,+3.67%,--,5,33435,卖盘
14:42:58,66.86,+3.66%,-0.01,16,111924,卖盘
14:43:04,66.83,+3.61%,-0.03,29,195879,卖盘
14:43:07,66.82,+3.60%,-0.01,10,66820,卖盘
14:43:10,66.83,+3.61%,+0.01,25,167075,中性盘
14:43:13,66.82,+3.60%,-0.01,7,46774,卖盘
14:43:16,66.8,+3.57%,-0.02,60,404006,卖盘
14:43:19,66.76,+3.50%,-0.04,4,26704,卖盘
14:43:22,66.83,+3.61%,+0.07,13,86879,卖盘
14:43:25,66.8,+3.57%,-0.03,11,73480,卖盘
14:43:28,66.8,+3.57%,--,6,40080,卖盘
14:43:31,66.81,+3.58%,+0.01,14,93534,中性盘
14:43:34,66.77,+3.52%,-0.04,19,131737,卖盘
14:43:37,66.76,+3.50%,-0.01,10,66760,卖盘
14:43:40,66.86,+3.66%,+0.1,10,66860,买盘
14:43:43,66.85,+3.64%,-0.01,9,64845,卖盘
14:43:46,66.9,+3.72%,+0.05,34,228464,买盘
14:43:52,66.9,+3.72%,--,1,12042,买盘
14:44:01,66.9,+3.72%,--,2,13982,卖盘
14:44:07,66.93,+3.77%,+0.03,5,35138,买盘
14:44:10,66.95,+3.80%,+0.02,4,26780,买盘
14:44:13,66.95,+3.80%,--,6,40170,买盘
14:44:19,66.96,+3.81%,+0.01,2,16807,买盘
14:44:22,66.96,+3.81%,--,4,26918,卖盘
14:44:25,66.96,+3.81%,--,10,73321,卖盘
14:44:28,66.97,+3.83%,+0.01,1,11385,卖盘
14:44:40,66.97,+3.83%,--,3,20091,卖盘
14:44:43,67.0,+3.88%,+0.03,24,164083,买盘
14:44:46,67.08,+4.00%,+0.08,39,263289,买盘
14:44:49,67.08,+4.00%,--,28,189903,买盘
14:44:52,67.08,+4.00%,--,1,11337,卖盘
14:44:55,67.08,+4.00%,--,6,40718,买盘
14:45:07,67.08,+4.00%,--,0,0,中性盘
14:45:25,67.08,+4.00%,--,3,21063,买盘
14:45:31,67.07,+3.98%,-0.01,7,51979,中性盘
14:45:34,67.02,+3.91%,-0.05,2,13404,卖盘
14:45:49,67.06,+3.97%,+0.04,8,53648,买盘
14:45:55,67.08,+4.00%,+0.02,4,30521,买盘
14:45:58,67.08,+4.00%,--,0,0,买盘
14:46:01,67.03,+3.92%,-0.05,2,13406,卖盘
14:46:04,67.08,+4.00%,+0.05,6,40986,买盘
14:46:07,67.06,+3.97%,-0.02,10,72022,中性盘
14:46:10,67.02,+3.91%,-0.04,3,20575,卖盘
14:46:13,67.02,+3.91%,--,0,0,卖盘
14:46:19,66.97,+3.83%,-0.05,32,217853,卖盘
14:46:25,66.97,+3.83%,--,0,0,卖盘
14:46:31,66.98,+3.84%,+0.01,11,74616,卖盘
14:46:34,66.96,+3.81%,-0.02,7,53300,卖盘
14:46:37,66.96,+3.81%,--,4,26784,卖盘
14:46:40,66.96,+3.81%,--,3,20088,卖盘
14:46:46,66.88,+3.69%,-0.08,24,160780,卖盘
14:46:52,66.88,+3.69%,--,0,0,中性盘
14:47:01,66.87,+3.67%,-0.01,12,80244,中性盘
14:47:04,66.96,+3.81%,+0.09,5,38368,买盘
14:47:07,66.96,+3.81%,--,4,26784,买盘
14:47:22,66.86,+3.66%,-0.1,37,252731,卖盘
14:47:34,66.86,+3.66%,--,0,0,中性盘
14:47:40,66.87,+3.67%,+0.01,2,16718,卖盘
14:47:43,66.86,+3.66%,-0.01,4,29886,卖盘
14:47:49,66.86,+3.66%,--,5,33430,卖盘
14:47:52,66.94,+3.78%,+0.08,2,13388,买盘
14:47:55,66.95,+3.80%,+0.01,2,17206,买盘
14:48:10,66.95,+3.80%,--,18,121246,买盘
14:48:19,66.95,+3.80%,--,3,20888,卖盘
14:48:25,66.95,+3.80%,--,6,42714,买盘
14:48:34,66.96,+3.81%,+0.02,17,114167,买盘
14:48:46,66.96,+3.81%,--,0,6361,卖盘
14:48:49,66.96,+3.81%,--,5,38301,买盘
14:48:49,66.96,+3.81%,--,5,38301,中性盘
14:48:58,66.96,+3.81%,--,12,86244,卖盘
14:49:01,66.96,+3.81%,--,2,13392,卖盘
14:49:04,66.96,+3.81%,--,8,57050,卖盘
14:49:10,66.95,+3.80%,-0.01,4,26780,卖盘
14:49:13,66.95,+3.80%,--,2,13390,卖盘
14:49:22,66.96,+3.81%,+0.01,10,70375,买盘
14:49:25,66.96,+3.81%,--,12,85039,卖盘
14:49:28,66.96,+3.81%,--,4,29663,卖盘
14:49:31,66.96,+3.81%,--,0,0,买盘
14:49:34,66.95,+3.80%,-0.01,2,13390,卖盘
14:49:37,66.94,+3.78%,-0.01,10,66940,卖盘
14:49:40,66.95,+3.80%,+0.01,7,48137,买盘
14:49:46,66.94,+3.78%,-0.01,6,40164,卖盘
14:49:49,66.94,+3.78%,--,2,13388,卖盘
14:49:52,66.95,+3.80%,+0.01,30,204934,买盘
14:50:01,66.95,+3.80%,--,6,43986,买盘
14:50:04,66.95,+3.80%,--,4,26780,买盘
14:50:07,66.94,+3.78%,-0.01,26,176521,卖盘
14:50:10,66.95,+3.80%,+0.01,40,267800,买盘
14:50:13,66.93,+3.77%,-0.02,2,13386,中性盘
14:50:16,66.9,+3.72%,-0.03,2,13380,卖盘
14:50:19,66.9,+3.72%,--,0,0,中性盘
14:50:22,66.95,+3.80%,+0.05,21,142604,买盘
14:50:31,66.94,+3.78%,-0.01,6,43109,卖盘
14:50:46,66.94,+3.78%,--,10,66940,买盘
14:50:49,66.93,+3.77%,-0.01,2,13386,卖盘
14:50:52,66.93,+3.77%,--,0,0,买盘
14:50:55,66.93,+3.77%,--,3,20949,买盘
14:50:58,66.9,+3.72%,-0.03,3,20070,卖盘
14:51:01,66.89,+3.71%,-0.01,24,160536,卖盘
14:51:04,66.89,+3.71%,--,0,0,卖盘
14:51:07,66.9,+3.72%,+0.01,12,83291,买盘
14:51:13,66.93,+3.77%,+0.03,19,128439,买盘
14:51:16,66.93,+3.77%,--,1,8701,卖盘
14:51:19,66.9,+3.72%,-0.03,12,84026,卖盘
14:51:22,66.95,+3.80%,+0.05,15,104308,买盘
14:51:28,66.95,+3.80%,--,0,0,买盘
14:51:31,66.95,+3.80%,--,32,217654,买盘
14:51:34,66.94,+3.78%,-0.01,4,31127,中性盘
14:51:40,66.95,+3.80%,+0.01,12,82482,买盘
14:51:43,66.96,+3.81%,+0.01,5,33480,买盘
14:51:46,66.93,+3.77%,-0.03,28,189278,卖盘
14:51:49,66.97,+3.83%,+0.04,42,284154,买盘
14:51:52,66.94,+3.78%,-0.03,11,73634,卖盘
14:51:55,66.98,+3.84%,+0.04,3,21969,买盘
14:51:58,66.95,+3.80%,-0.03,9,60791,中性盘
14:52:04,66.94,+3.78%,-0.01,10,69685,卖盘
14:52:07,66.95,+3.80%,+0.01,7,46865,买盘
14:52:13,66.95,+3.80%,--,3,21558,买盘
14:52:19,66.95,+3.80%,--,10,66950,卖盘
14:52:22,66.94,+3.78%,-0.01,12,80864,卖盘
14:52:25,66.93,+3.77%,-0.01,5,33599,卖盘
14:52:28,66.95,+3.80%,+0.02,5,40036,买盘
14:52:31,66.95,+3.80%,--,3,24102,卖盘
14:52:34,66.96,+3.81%,+0.01,2,13392,买盘
14:52:34,66.96,+3.81%,--,2,13392,中性盘
14:52:37,67.0,+3.88%,+0.04,40,270814,买盘
14:52:40,67.02,+3.91%,+0.02,2,13404,买盘
14:52:49,67.02,+3.91%,--,0,0,买盘
14:52:52,67.0,+3.88%,-0.02,2,13400,卖盘
14:52:55,67.02,+3.91%,+0.02,8,53616,买盘
14:52:58,67.08,+4.00%,+0.06,10,71641,买盘
14:53:01,67.05,+3.95%,-0.03,2,13410,买盘
14:53:04,67.05,+3.95%,--,0,0,买盘
14:53:07,67.05,+3.95%,--,40,270882,买盘
14:53:10,66.96,+3.81%,-0.09,47,319131,卖盘
14:53:13,66.97,+3.83%,+0.01,2,16743,中性盘
14:53:16,66.97,+3.83%,--,3,23440,卖盘
14:53:19,67.0,+3.88%,+0.03,18,121873,买盘
14:53:22,66.96,+3.81%,-0.04,6,43055,卖盘
14:53:25,66.96,+3.81%,--,1,10513,买盘
14:53:28,66.96,+3.81%,--,0,0,卖盘
14:53:31,67.04,+3.94%,+0.08,18,127242,买盘
14:53:34,67.04,+3.94%,--,6,40291,买盘
14:53:37,66.95,+3.80%,-0.09,3,25508,卖盘
14:53:40,66.95,+3.80%,--,0,0,卖盘
14:53:43,67.05,+3.95%,+0.1,2,13410,买盘
14:53:49,66.96,+3.81%,-0.09,2,13392,卖盘
14:53:52,67.04,+3.94%,+0.08,4,29833,买盘
14:53:58,67.04,+3.94%,--,8,59532,卖盘
14:54:01,67.2,+4.19%,+0.16,194,1305427,买盘
14:54:04,67.21,+4.20%,+0.01,4,27556,买盘
14:54:07,67.2,+4.19%,-0.01,10,71635,卖盘
14:54:10,67.2,+4.19%,--,83,563002,卖盘
14:54:13,67.21,+4.20%,+0.01,28,188188,买盘
14:54:19,67.21,+4.20%,--,5,33605,卖盘
14:54:22,67.23,+4.23%,+0.02,13,87399,买盘
14:54:25,67.21,+4.20%,-0.02,4,26884,卖盘
14:54:28,67.22,+4.22%,+0.01,5,33610,卖盘
14:54:31,67.23,+4.23%,+0.01,12,84710,买盘
14:54:34,67.21,+4.20%,-0.02,2,13442,卖盘
14:54:37,67.23,+4.23%,+0.02,5,33817,买盘
14:54:43,67.22,+4.22%,-0.01,10,67220,卖盘
14:54:46,67.22,+4.22%,--,12,80664,买盘
14:54:49,67.21,+4.20%,-0.01,6,40326,卖盘
14:54:52,67.22,+4.22%,+0.01,11,73942,买盘
14:54:55,67.22,+4.22%,--,11,78110,卖盘
14:55:04,67.23,+4.23%,+0.01,42,288349,卖盘
14:55:07,67.23,+4.23%,--,1,9479,卖盘
14:55:10,67.23,+4.23%,--,25,174529,卖盘
14:55:13,67.22,+4.22%,-0.01,27,182032,卖盘
14:55:16,67.21,+4.20%,-0.01,11,73931,卖盘
14:55:19,67.22,+4.22%,+0.01,6,40332,中性盘
14:55:25,67.22,+4.22%,--,1,6722,卖盘
14:55:28,67.22,+4.22%,--,2,13444,卖盘
14:55:31,67.23,+4.23%,+0.01,7,47061,买盘
14:55:34,67.23,+4.23%,--,8,56003,买盘
14:55:37,67.23,+4.23%,--,108,731395,买盘
14:55:40,67.21,+4.20%,-0.02,34,228514,卖盘
14:55:43,67.2,+4.19%,-0.01,9,63974,卖盘
14:55:46,67.19,+4.17%,-0.01,2,15521,买盘
14:55:52,67.22,+4.22%,+0.03,28,191980,买盘
14:55:55,67.22,+4.22%,--,0,0,买盘
14:55:58,67.23,+4.23%,+0.01,23,154831,买盘
14:56:01,67.27,+4.29%,+0.04,91,616933,买盘
14:56:04,67.22,+4.22%,-0.05,40,268880,卖盘
14:56:07,67.27,+4.29%,+0.05,3,25832,中性盘
14:56:13,67.27,+4.29%,--,42,288185,买盘
14:56:16,67.23,+4.23%,-0.04,14,94122,卖盘
14:56:16,67.23,+4.23%,--,14,94122,中性盘
14:56:19,67.23,+4.23%,--,0,0,买盘
14:56:22,67.27,+4.29%,+0.04,3,24083,中性盘
14:56:28,67.27,+4.29%,--,7,49914,卖盘
14:56:31,67.27,+4.29%,--,0,0,买盘
14:56:34,67.22,+4.22%,-0.05,10,71388,卖盘
14:56:37,67.22,+4.22%,--,6,40803,卖盘
14:56:40,67.29,+4.33%,+0.07,94,635419,买盘
14:56:43,67.22,+4.22%,-0.07,3,26350,卖盘
14:56:46,67.25,+4.26%,+0.03,2,16275,买盘
14:56:49,67.25,+4.26%,--,3,20175,买盘
14:56:52,67.25,+4.26%,--,8,55818,买盘
14:56:58,67.25,+4.26%,--,0,0,卖盘
14:57:00,67.26,+4.28%,+0.01,4,27846,卖盘
14:59:49,67.26,+4.28%,--,0,0,卖盘
15:00:00,67.26,+4.28%,--,0,0,买盘
15:00:01,67.19,+4.17%,-0.07,604,4061232,卖盘
15:00:01,67.19,+4.17%,--,0,0,买盘
