代码,股票名称,融资余额,融资买入额,融资偿还额,融资净买入,融资融券余额(元)
sz000725,京东方Ａ,6709000000.0,238000000.0,133000000.0,106000000.0,6715000000.000001
sz300226,上海钢联,466000000.0,206999999.99999997,114999999.99999999,91950800.0,476000000.0
sh600016,民生银行,5729000000.0,112999999.99999999,31358600.0,82026700.0,5855000000.0
sh601318,中国平安,19364000000.0,214000000.0,132000000.0,81878900.0,19395000000.0
sz002703,浙江世宝,340000000.0,273000000.0,200999999.99999997,71517000.0,488999999.99999994
sh601858,中国科传,252000000.0,118000000.0,47264500.0,70605700.0,311000000.0
sz300212,易华录,863000000.0000001,231000000.0,162000000.0,69008000.0,907000000.0
sh601995,中金公司,1636000000.0,260000000.0,193000000.0,67176600.0,2413000000.0
sh600837,海通证券,4508000000.0,91633000.0,26023300.0,65609700.0,4560000000.0
sh600918,中泰证券,941000000.0,86117099.99999999,34347200.0,51769900.0,965000000.0
sh601778,晶科科技,480999999.99999994,65214500.0,14581700.0,50632800.0,555000000.0
sz000858,五粮液,6734999999.999999,168000000.0,120000000.0,47930300.0,6819000000.0
sz301208,中亦科技,151000000.0,80819600.0,33398800.0,47420800.0,151000000.0
sh601929,吉视传媒,273000000.0,65272900.0,18063000.0,47210000.0,284000000.0
sz002095,生意宝,266000000.0,94314000.0,47355800.0,46958300.0,266000000.0
sz300266,兴源环境,258000000.0,54071899.99999999,7225100.0,46846700.0,258000000.0
sz300308,中际旭创,2911000000.0,522000000.0,475000000.0,46716100.0,4485000000.0
sz002292,奥飞娱乐,433000000.0,69211200.0,23835800.0,45375300.0,482000000.0
sh601988,中国银行,2496000000.0,92634700.0,51004600.0,41630200.00000001,2557000000.0
sh605168,三人行,95343900.0,47443700.0,6467000.0,40976700.0,97722000.0
sh601390,中国中铁,1547000000.0,77072400.0,36935800.0,40136500.0,1561000000.0
sh601899,紫金矿业,1923000000.0,68386900.0,28555800.0,39831100.0,1955999999.9999998
sh600036,招商银行,7045000000.0,120000000.0,80739200.0,38768900.0,7105000000.0
sz000063,中兴通讯,3365000000.0,141000000.0,103000000.0,38568200.0,4179000000.0
sh600030,中信证券,10930000000.0,175000000.0,138000000.0,36283000.0,11016000000.0
sz000001,平安银行,3915999999.9999995,89881000.0,54218700.0,35662300.0,3929000000.0
sz300058,蓝色光标,1460000000.0,148000000.0,112999999.99999999,34673600.0,1506000000.0
sh601138,工业富联,1295000000.0,233000000.0,199000000.0,34306100.0,1623000000.0
sh603220,中贝通信,328000000.0,189000000.0,155000000.0,33782000.0,328000000.0
sh603275,N众辰,32718000.0,39009500.0,6291400.0,32718000.0,32718000.0
sh600322,天房发展,124000000.0,47191000.0,15454200.0,31736800.0,124000000.0
sh600633,浙数文化,521000000.0,192000000.0,160000000.0,31596600.0,588000000.0
sz301299,卓创资讯,86878500.0,76008900.0,44586100.0,31422800.000000004,87262500.0
sh600519,贵州茅台,18085000000.0,239000000.0,208000000.0,30617500.0,18472000000.0
sz002472,双环传动,430999999.99999994,92115800.0,63756899.99999999,28358900.0,478000000.0
sz300875,捷强装备,123000000.0,55778500.0,28049600.0,27728900.0,128000000.0
sz002049,紫光国微,2576000000.0,71077400.0,45178500.0,25899000.0,2616000000.0
sz300750,宁德时代,6834000000.0,104000000.0,78366000.0,25819200.0,7362000000.0
sh600425,青松建化,252999999.99999997,37074900.0,12705800.0,24369100.0,256000000.0
sh601186,中国铁建,2210000000.0,86520200.0,62504300.0,24015900.0,2227000000.0
sh603599,广信股份,692000000.0,26058900.0,2196400.0,23862600.000000004,704000000.0
sh600180,瑞茂通,259000000.0,52171800.0,28348000.0,23823800.0,261000000.0
sz002415,海康威视,4745000000.0,43098500.0,19652000.0,23446500.0,4785000000.0
sh603505,金石资源,604000000.0,30438600.0,7483800.0,22954800.0,607000000.0
sh601668,中国建筑,3965999999.9999995,80650300.0,58972400.0,21678000.0,3983000000.0
sz000933,神火股份,491000000.0,34280000.0,13111400.000000002,21168700.0,520000000.0
sh600880,博瑞传播,415000000.00000006,50352700.00000001,29419100.0,20933500.0,426000000.0
sz002474,榕基软件,280000000.0,49873800.0,29241100.0,20632600.000000004,281000000.0
sz000861,海印股份,405999999.99999994,24037700.0,3486300.0,20551400.0,405999999.99999994
sz301421,N波长光电,20461700.0,23976700.0,3515000.0,20461700.0,20461700.0
sh600887,伊利股份,3453000000.0,43560800.0,23162600.000000004,20398200.0,3465999999.9999995
sh688472,阿特斯,324000000.0,36857600.0,16557800.0,20299800.0,346000000.0
sz000166,申万宏源,1748000000.0,42788000.0,23118600.0,19669300.0,1819000000.0000002
sz301382,蜂助手,121000000.0,78719000.0,59181400.0,19537600.0,192000000.0
sh603299,苏盐井神,197000000.0,74330200.0,54875900.0,19454300.0,202999999.99999997
sh600585,海螺水泥,1850000000.0,39500000.0,20093300.0,19406700.0,1896000000.0
sz000932,华菱钢铁,938000000.0000001,34265600.0,15306300.000000002,18959300.0,955000000.0000001
sz000719,中原传媒,221000000.0,110000000.00000001,91227900.00000001,18852000.0,221000000.0
sz300825,阿尔特,538000000.0,70247200.0,51565400.0,18681800.0,539000000.0
sh603667,五洲新春,185000000.0,37222000.0,18750600.0,18471400.0,185000000.0
sz000938,紫光股份,1498000000.0,59125900.0,40808700.0,18317200.0,1511000000.0
sh600328,中盐化工,587000000.0,80414100.0,62704300.0,17709800.0,595000000.0
sz002920,德赛西威,283000000.0,24594400.0,7760400.0,16834000.0,1263000000.0
sz002463,沪电股份,567000000.0,85476900.0,69306900.0,16169900.0,649000000.0
sh600114,东睦股份,246000000.0,33899800.0,17785500.0,16114300.0,246000000.0
sh600150,中国船舶,2952000000.0,73176500.0,57097500.0,16079100.0,2996000000.0
sz000766,通化金马,229000000.0,21332199.999999996,5369700.0,15962500.0,229999999.99999997
sz002050,三花智控,548000000.0,37007800.0,21179000.0,15828699.999999998,776000000.0
sz000975,银泰黄金,813000000.0000001,23616600.0,7984100.0,15632600.0,835000000.0
sz000617,中油资本,1423000000.0,87137500.0,71557800.0,15579700.0,1438000000.0
sz002027,分众传媒,1102000000.0,29867100.0,14338699.999999998,15528400.0,1130000000.0
sh688579,山大地纬,175000000.0,46886500.0,31415000.0,15471600.0,175000000.0
sz301368,丰立智能,113999999.99999999,49963100.00000001,35212900.0,14750100.0,183000000.0
sz002304,洋河股份,1375000000.0,31212000.0,16601800.0,14610200.0,1406000000.0
sz300166,东方国信,768000000.0,46426200.0,32024200.0,14402000.0,787000000.0
sh688036,传音控股,784000000.0,32777100.0,18564700.0,14212500.0,1023000000.0
sh600690,海尔智家,789000000.0,19192400.0,5067000.0,14125400.0,795000000.0
sh603985,恒润股份,183000000.0,46479600.0,32354500.0,14125100.0,192000000.0
sz002536,飞龙股份,219000000.0,29402600.000000004,15299000.0,14103599.999999998,219000000.0
sh600821,金开新能,639000000.0,17828100.0,3948000.0,13880100.0,646000000.0
sz002048,宁波华翔,343000000.0,22106700.0,8426500.0,13680100.0,348000000.0
sz301487,盟固利,129000000.0,85602200.0,71953000.0,13649100.0,130000000.0
sz002015,协鑫能科,783000000.0,22902600.000000004,9257600.0,13644900.0,795000000.0
sh600438,通威股份,5526000000.0,58914100.0,45277700.00000001,13636400.000000002,5753000000.0
sz301085,亚康股份,158000000.0,42396500.0,28795300.000000004,13601199.999999998,158000000.0
sz300073,当升科技,1109000000.0,35097900.0,21611800.0,13486099.999999998,1134000000.0
sh601669,中国电建,1823000000.0,43241600.0,29778700.0,13462900.0,1837000000.0
sz301255,通力科技,95727400.0,58054300.0,44661000.0,13393300.0,95833300.0
sh688327,云从科技,616000000.0,42632100.0,29670500.0,12961600.0,1030000000.0000001
sh600292,远达环保,186000000.0,34637500.0,21770600.0,12866800.0,186000000.0
sh600547,山东黄金,1044999999.9999999,32045200.0,19346200.0,12699000.0,1057000000.0
sz002902,铭普光磁,227000000.0,41068300.0,28402900.0,12665400.0,227000000.0
sz002936,郑州银行,234000000.0,19279700.0,6654299.999999999,12625300.0,245000000.00000003
sh688489,三未信安,94514000.0,20800000.0,8357100.0,12442800.0,117000000.0
sz000903,云内动力,233000000.0,26490100.000000004,14081800.0,12408300.0,233000000.0
sh603881,数据港,413000000.0,47947200.0,35621100.0,12326099.999999998,428000000.0
sz300188,美亚柏科,529000000.0,43227000.0,31055200.0,12171700.0,543000000.0
sz300403,汉宇集团,185000000.0,28027399.999999996,15935600.0,12091800.0,186000000.0
sh600257,大湖股份,225000000.0,41995300.0,29953500.0,12041700.0,225000000.0
sz300738,奥飞数据,556000000.0,34938000.0,22934000.0,12004000.0,560000000.0
sh688516,奥特维,426000000.0,22682800.000000004,10941700.0,11741099.999999998,463999999.99999994
sz002349,精华制药,188000000.0,34360400.0,22727700.0,11632700.0,196000000.0
sz002527,新时达,309000000.0,177000000.0,165000000.0,11459000.0,313000000.0
sz000039,中集集团,521000000.0,13917100.0,2588200.0,11328900.000000002,526999999.99999994
sh601688,华泰证券,3620000000.0000005,130000000.0,119000000.0,11250800.0,3665000000.0
sz301027,华蓝集团,60187600.0,15946600.0,4782400.0,11164200.0,60187600.0
sh688292,浩瀚深度,57708200.0,26581800.0,15437200.0,11144600.0,84225100.0
sh601606,长城军工,343000000.0,64574200.0,53592200.0,10982100.0,362000000.0
sz300774,倍杰特,68613000.0,24060700.0,13122200.0,10938500.0,68613000.0
sz300168,万达信息,978999999.9999999,29028200.0,18305000.0,10723100.0,983000000.0
sz002396,星网锐捷,910000000.0,17438200.0,6939400.000000001,10498699.999999998,930000000.0000001
sz000506,中润资源,113999999.99999999,17488400.0,7089500.0,10398900.000000002,113999999.99999999
sz002941,新疆交建,227000000.0,52944399.99999999,42598000.0,10346300.000000002,245000000.00000003
sh600100,同方股份,1267000000.0,39682700.0,29352600.000000004,10330100.0,1272000000.0
sz300339,润和软件,1421000000.0,33998600.0,23793100.0,10205500.0,1444000000.0
sh600298,安琪酵母,662000000.0,23255600.0,13066099.999999998,10189400.0,678000000.0
sh603108,润达医疗,339000000.0,27035600.0,16954700.0,10080900.0,343000000.0
sh600859,王府井,656000000.0,18652300.0,8754700.0,9897600.0,672000000.0
sh688012,中微公司,961000000.0,53732700.00000001,43837000.0,9895700.0,1676000000.0000002
sh600720,祁连山,699000000.0,13048900.000000002,3210200.0,9838700.0,704000000.0
sz300468,四方精创,133000000.0,38481500.0,28726400.0,9755000.0,133000000.0
sz301313,凡拓数创,54365300.0,26461700.0,16757300.0,9704500.0,54374500.0
sh600609,金杯汽车,409999999.99999994,13981400.000000002,4431400.0,9549900.0,409999999.99999994
sz002892,科力尔,171000000.0,20006900.0,10474300.0,9532600.0,218000000.00000003
sz002821,凯莱英,1197000000.0,22555300.000000004,13154900.0,9400400.0,1234000000.0
sz001324,长青科技,50879500.0,66386000.0,57072400.0,9313600.0,50879500.0
sz002063,远光软件,409000000.0,15939900.0,6629700.0,9310200.0,412000000.0
sh600497,驰宏锌锗,1357000000.0,29959400.0,20654500.0,9304900.0,1373000000.0
sz001360,南矿集团,59208100.00000001,32846700.0,23567100.0,9279600.0,59208100.00000001
sz301013,利和兴,128000000.0,24525700.0,15259300.0,9266400.0,128000000.0
sz300101,振芯科技,757000000.0,26774500.0,17652600.0,9121900.0,770000000.0
sz002512,达华智能,171000000.0,26631600.0,17615000.0,9016600.0,171000000.0
sz002011,盾安环境,264000000.0,11987600.0,3027900.0,8959700.0,271000000.0
sz301175,中科环保,117000000.0,17146300.0,8329299.999999999,8817000.0,129000000.0
sz300068,南都电源,740000000.0,19570300.0,10762100.0,8808200.0,745000000.0
sh600467,好当家,170000000.0,23313700.0,14590700.0,8723000.0,170000000.0
sh603993,洛阳钼业,1430000000.0,21115500.0,12423699.999999998,8691800.0,1437000000.0
sz300579,数字认证,227999999.99999997,36221200.0,27570100.000000004,8651100.0,234000000.0
sz300229,拓尔思,969000000.0,44776400.0,36129900.0,8646500.0,1131000000.0
sh600893,航发动力,1934000000.0,25886200.0,17270200.0,8616000.0,1973999999.9999998
sz000650,仁和药业,459000000.0,27922900.0,19349000.0,8574000.0,462000000.0
sh600028,中国石化,1237000000.0,44468600.0,35918100.0,8550400.0,1297000000.0
sh688772,珠海冠宇,216000000.0,14578699.999999998,6157900.0,8420800.0,396000000.0
sz301248,杰创智能,84818500.0,14826300.000000002,6480000.0,8346300.0,84818500.0
sh600988,赤峰黄金,936999999.9999999,24662800.000000004,16404400.0,8258400.0,972000000.0000001
sz002966,苏州银行,270000000.0,15646800.0,7404400.000000001,8242400.0,284000000.0
sz000002,万科Ａ,4477000000.0,54262500.0,46088900.0,8173600.0,4579000000.0
sz301158,德石股份,53467100.0,14489300.0,6361300.0,8128000.0,53467100.0
sh601117,中国化学,2486000000.0,38923700.0,30943800.0,7979900.0,2489000000.0
sz000690,宝新能源,727000000.0,16816500.0,8859600.0,7956900.000000001,732000000.0
sz300682,朗新科技,294000000.0,18566700.0,10757000.0,7809600.0,302000000.0
sh603688,石英股份,1131000000.0,26244200.0,18456200.0,7788000.0,1187000000.0
sz002745,木林森,520000000.0,13036099.999999998,5294400.000000001,7741700.0,529000000.0
sh601567,三星医疗,133000000.0,9689300.0,1982900.0,7706400.0,136000000.0
sz300674,宇信科技,476000000.0,44120400.0,36421400.0,7699000.0,492000000.0
sh600563,法拉电子,202999999.99999997,11070900.0,3497000.0,7573900.0,238000000.0
sz002851,麦格米特,96860600.0,10026700.0,2504500.0,7522200.0,101000000.0
sz002273,水晶光电,859000000.0,14228699.999999998,6728300.0,7500500.0,871000000.0000001
sz002493,荣盛石化,2488000000.0,23331600.0,15840300.0,7491300.0,2491000000.0
sz301302,华如科技,126000000.0,13945100.0,6515599.999999999,7429400.000000001,126000000.0
sh600436,片仔癀,2120000000.0,33651700.0,26306000.0,7345700.000000001,2187000000.0
sz301007,德迈仕,108000000.0,26552399.999999996,19209200.0,7343099.999999999,108000000.0
sz000738,航发控制,777000000.0,15810700.0,8492900.0,7317900.0,786000000.0
sz000683,远兴能源,739000000.0,24501600.0,17215500.0,7286100.0,767000000.0
sh600867,通化东宝,752000000.0,12395800.0,5206300.0,7189500.0,759000000.0
sz300897,山科智能,32017700.0,8268300.0,1137500.0,7130800.0,32017700.0
sh688023,安恒信息,246000000.0,11967300.0,4887000.0,7080200.0,254999999.99999997
sh688313,仕佳光子,413000000.0,17535700.0,10520400.0,7015300.0,413000000.0
sz300567,精测电子,396000000.0,17260800.0,10304200.0,6956600.0,409999999.99999994
sh688160,步科股份,105000000.0,25335100.000000004,18393100.0,6942000.0,105000000.0
sz002625,光启技术,1809000000.0,18913100.0,11986000.0,6927100.0,1820000000.0
sz300002,神州泰岳,938000000.0000001,41728100.00000001,34855400.0,6872600.0,992000000.0
sz002020,京新药业,436000000.00000006,12028000.0,5166600.0,6861400.0,437000000.0
sh601600,中国铝业,1507000000.0,32263800.0,25543700.0,6720000.0,1526000000.0
sz000703,恒逸石化,1507000000.0,12368400.0,5716400.0,6652000.0,1521000000.0
sh688700,东威科技,343000000.0,27426100.0,20826400.0,6599700.0,518000000.0
sh600996,贵广网络,442000000.0,45072500.0,38618800.0,6453800.0,451999999.99999994
sh600900,长江电力,6381000000.0,34939700.0,28498900.0,6440700.000000001,6745999999.999999
sh600782,新钢股份,400000000.0,10722500.0,4322500.0,6399900.0,409000000.0
sz002025,航天电器,172000000.0,11576400.000000002,5215700.000000001,6360700.000000001,184000000.0
sz300699,光威复材,557000000.0,14831800.0,8497000.0,6334900.0,571000000.0
sz300075,数字政通,688000000.0,59464000.0,53196700.0,6267300.0,700000000.0
sz301178,天亿马,63468300.0,20299600.0,14037100.0,6262500.0,63468300.0
sh603399,吉翔股份,275000000.0,7783900.0,1529100.0,6254800.0,276000000.0
sh688556,高测股份,486000000.00000006,23879899.999999996,17647100.0,6232800.0,509999999.99999994
sz300358,楚天科技,146000000.0,12196000.0,5990700.000000001,6205200.0,151000000.0
sz002191,劲嘉股份,524000000.0,12000200.0,5805800.0,6194400.000000001,526999999.99999994
sh600351,亚宝药业,344000000.0,14073500.0,7921799.999999999,6151700.0,345000000.0
sz002267,陕天然气,189000000.0,6705100.0,576600.0,6128500.0,190000000.0
sz300070,碧水源,935000000.0,55000500.0,48876700.0,6123800.0,969999999.9999999
sz301256,华融化学,65249300.0,16034600.0,9916800.0,6117900.0,65296700.0
sz300899,上海凯鑫,32823500.0,13490400.0,7422900.0,6067500.0,32823500.0
sz002558,巨人网络,462000000.0,20970700.0,14929900.0,6040800.0,548000000.0
sh688588,凌志软件,156000000.0,23599100.0,17577900.0,6021300.0,156000000.0
sh601880,辽港股份,336000000.0,11406000.0,5408300.0,5997700.0,354000000.0
sz300904,威力传动,55072700.00000001,28757000.0,22774699.999999996,5982300.0,55072700.00000001
sz301159,三维天地,62120400.0,18046400.0,12152400.0,5894000.0,71679600.0
sz301370,国科恒泰,73919400.0,29134500.0,23241800.0,5892700.0,73919400.0
sz300057,万顺新材,231999999.99999997,13619500.0,7743400.0,5876000.0,231999999.99999997
sz300015,爱尔眼科,1369000000.0,21459400.0,15584500.0,5874900.0,1410000000.0
sh688101,三达膜,97601700.0,21484100.0,15662500.0,5821600.0,97759000.0
sh601515,东风股份,283000000.0,9473600.0,3656200.0,5817400.0,286000000.0
sz300360,炬华科技,213000000.0,11098800.000000002,5292600.0,5806200.0,213000000.0
sh688261,东微半导,223000000.0,17112400.0,11337500.0,5775000.0,265000000.0
sz002373,千方科技,568000000.0,13547100.0,7782900.0,5764200.0,597000000.0
sz300958,建工修复,88446299.99999999,48051400.0,42288100.00000001,5763300.0,95214300.0
sz000069,华侨城Ａ,1352000000.0,9273600.0,3553600.0,5720000.0,1363000000.0
sz300638,广和通,479000000.0,16179400.0,10460800.0,5718600.0,537000000.0
sz000543,皖能电力,211000000.0,9027100.0,3324900.0,5702200.0,215000000.0
sh600521,华海药业,680000000.0,14754700.0,9073100.0,5681700.0,691000000.0
sh601133,柏诚股份,104000000.0,18552100.0,12870700.0,5681400.0,104000000.0
sz301339,通行宝,39007500.0,20195300.0,14557400.0,5637900.0,39760100.0
sz000982,中银绒业,139000000.0,32166300.0,26573000.0,5593300.0,200000000.0
sz301148,嘉戎技术,37921300.0,36263900.0,30673000.0,5591000.0,51835400.0
sh688671,碧兴物联,53421700.0,41129900.0,35554900.0,5574900.0,113999999.99999999
sz002453,华软科技,329000000.0,8513600.0,2948000.0,5565599.999999999,335000000.0
sh600211,西藏药业,173000000.0,9865800.0,4310400.0,5555400.0,177000000.0
sh688617,惠泰医疗,53774600.0,8956200.0,3424200.0,5531900.000000001,75223400.0
sh688601,力芯微,149000000.0,15760100.0,10228600.0,5531600.0,151000000.0
sz002965,祥鑫科技,171000000.0,15729700.0,10257600.0,5472100.0,172000000.0
sh601568,北元集团,128000000.0,7424600.0,1998800.0,5425900.0,142000000.0
sz002007,华兰生物,1016000000.0,9606800.0,4200400.0,5406400.0,1019999999.9999999
sz000812,陕西金叶,215000000.0,15973800.000000002,10589900.0,5383900.0,217000000.0
sz301235,华康医疗,69695900.0,10736300.000000002,5380599.999999999,5355700.000000001,74910300.0
sh600684,珠江股份,184000000.0,10087900.0,4732500.0,5355400.0,185000000.0
sz002302,西部建设,280000000.0,12382400.0,7043900.0,5338500.0,282000000.0
sh600973,宝胜股份,261000000.0,10464000.0,5175100.0,5288900.0,261000000.0
sz002765,蓝黛科技,145000000.0,6688200.000000001,1441100.0000000002,5247000.0,145000000.0
sh603368,柳药集团,178000000.0,8485200.0,3246200.0,5239100.0,179000000.0
sh601111,中国国航,753000000.0,11793900.000000002,6560000.0,5233900.0,759000000.0
sh688592,司南导航,36599400.0,25288100.0,20073200.0,5214900.0,80790100.0
sh600491,龙元建设,605000000.0,9417900.0,4215100.0,5202800.0,608000000.0
sz300985,致远新能,73656800.0,14041900.0,8935800.0,5106100.0,73656800.0
sh688256,寒武纪,753000000.0,30281400.0,25178500.0,5102900.0,1546000000.0
sh688629,华丰科技,70453400.0,13043900.000000002,7945800.0,5098100.0,90219200.0
sz002232,启明信息,76987300.0,18508800.0,13426099.999999998,5082700.0,76987300.0
sh600166,福田汽车,509999999.99999994,6596799.999999999,1545300.0,5051500.0,522000000.0
sh601618,中国中冶,902999999.9999999,13669400.0,8641100.0,5028300.0,907000000.0
sz300576,容大感光,333000000.0,20444500.0,15424900.0,5019600.0,333000000.0
sh688613,奥精医疗,127000000.0,7133000.0,2129400.0,5003500.0,128000000.0
sh601598,中国外运,195000000.0,25127300.0,20144800.0,4982400.0,202999999.99999997
sh688017,绿的谐波,360000000.0,16055500.0,11075100.0,4980300.0,480999999.99999994
sh600019,宝钢股份,1044999999.9999999,13060400.0,8085000.0,4975400.0,1073000000.0
sh600258,首旅酒店,288000000.0,14438200.0,9479900.0,4958300.0,297000000.0
sz300383,光环新网,999000000.0,12420200.0,7479200.0,4941000.0,1035000000.0
sh603296,华勤技术,75543600.0,14153599.999999998,9215100.0,4938500.0,115999999.99999999
sh600219,南山铝业,972000000.0000001,18098400.0,13163400.0,4935000.0,982000000.0
sh603986,兆易创新,2551000000.0,38735400.0,33801800.0,4933600.0,2603000000.0
sh600246,万通发展,495000000.0,10707400.0,5811600.0,4895800.0,538000000.0
sz000883,湖北能源,317000000.0,9460800.0,4581700.0,4879100.0,325000000.0
sh603306,华懋科技,412000000.0,24441700.0,19603700.0,4838100.0,417000000.0
sz000539,粤电力Ａ,101000000.0,9282700.0,4444700.0,4838000.0,106000000.0
sz002958,青农商行,419000000.00000006,10308300.0,5508400.0,4799900.0,426999999.99999994
sz301408,华人健康,63173400.0,30127300.0,25348800.0,4778500.0,63476899.99999999
sh600483,福能股份,319000000.0,10317300.0,5541100.0,4776200.0,326000000.0
sz002484,江海股份,139000000.0,7599400.000000001,2856300.0,4743100.0,140000000.0
sh688185,康希诺,495000000.0,10160300.0,5435599.999999999,4724700.0,526000000.0
sh600048,保利发展,2361000000.0,23982100.0,19293700.0,4688400.0,2398000000.0
sh601825,沪农商行,76844900.0,5679600.0,997000.0,4682600.0,77069800.0
sz002045,国光电器,198000000.0,12035500.0,7373700.0,4661800.0,200999999.99999997
sh600850,电科数字,603000000.0,7213200.000000001,2560000.0,4653300.0,620000000.0
872808,曙光数创,60307100.0,7616100.0,2983100.0,4633100.0,60307100.0
sz300977,深圳瑞捷,48788300.0,27840200.0,23211600.0,4628500.0,48788300.0
sh688282,理工导航,61135800.0,7198600.0,2574000.0,4624600.0,67649800.0
sh600798,宁波海运,109000000.00000001,8581300.0,3963900.0,4617300.0,111000000.00000001
sz002212,天融信,690000000.0,22884200.0,18274100.0,4610100.0,701000000.0
sh601101,昊华能源,212000000.0,13136099.999999998,8542100.0,4594100.0,217000000.0
sz300887,谱尼测试,58727900.0,11996600.0,7420200.0,4576400.0,63059700.0
sz301429,森泰股份,49268900.0,15307100.0,10774600.0,4532500.0,49268900.0
sh600742,一汽富维,347000000.0,13026600.0,8516500.0,4510100.0,349000000.0
sz301288,清研环境,32467199.999999996,24540200.0,20060700.0,4479500.0,32467199.999999996
sz301335,天元宠物,44315100.0,5943300.0,1465100.0,4478200.0,44315100.0
sz000783,长江证券,1065000000.0,26693500.0,22219800.0,4473700.0,1110000000.0
sz002560,通达股份,179000000.0,7772500.0,3308500.0,4464000.0,179000000.0
sz301282,金禄电子,67017600.0,5724800.0,1264200.0,4460600.0,67017600.0
sz002241,歌尔股份,3640000000.0,65984600.0,61542600.0,4441900.0,3683000000.0
sz002698,博实股份,366000000.0,15770400.0,11355300.0,4415100.0,381000000.0
sz301172,君逸数码,60623700.0,28614899.999999996,24200600.0,4414300.0,98814900.0
sz300151,昌红科技,314000000.0,8228200.000000001,3827700.0,4400600.0,318000000.0
sz002237,恒邦股份,755000000.0,8830900.0,4456300.0,4374600.0,756000000.0
sh600362,江西铜业,1010000000.0,16016600.0,11642600.0,4374000.0,1014000000.0
sh688201,信安世纪,64131500.0,12016400.000000002,7643500.0,4373000.0,64131500.0
sz002537,海联金汇,509000000.0,10205200.0,5832600.0,4372600.0,513999999.99999994
sh600251,冠农股份,360000000.0,14236500.0,9864700.0,4371800.0,360000000.0
sh601168,西部矿业,1218000000.0,19119400.0,14754300.0,4365000.0,1237000000.0
sh601319,中国人保,1038000000.0000001,10499800.0,6135300.0,4364500.0,1039000000.0
sz000612,焦作万方,350000000.0,6235100.0,1887700.0,4347500.0,353000000.0
sh688349,三一重能,130000000.0,5202700.0,883600.0,4319100.0,188000000.0
sz000333,美的集团,2350000000.0,21637700.0,17337700.0,4300000.0,2420000000.0
sh601008,连云港,139000000.0,12258100.0,7966799.999999999,4291300.0,139000000.0
sz301358,湖南裕能,250000000.0,7601000.0,3348600.0,4252500.0,268000000.00000003
sh688111,金山办公,647000000.0,30366700.0,26117800.000000004,4248900.0,2889000000.0
sz000630,铜陵有色,842000000.0,24510800.0,20268800.0,4242000.0,857000000.0
sh600580,卧龙电驱,824000000.0,12636800.0,8425700.0,4211100.0,831000000.0
sz000917,电广传媒,619000000.0,8962300.0,4762200.0,4200100.0,621000000.0
sz000960,锡业股份,1060000000.0,16575800.0,12381700.0,4194100.0000000005,1074000000.0
sh603678,火炬电子,382000000.0,11782800.0,7607600.0,4175200.0,403000000.0
sz300332,天壕能源,250000000.0,12911400.000000002,8757800.0,4153600.0,262000000.0
sz300414,中光防雷,112000000.00000001,16368300.0,12226700.0,4141500.0,112000000.00000001
sh600776,东方通信,396000000.0,10204000.0,6063300.0,4140700.0,399000000.0
sh600132,重庆啤酒,365000000.0,31318100.0,27193700.0,4124400.0,405999999.99999994
sh603995,甬金股份,79031200.0,4848600.0,734100.0,4114500.0,79532600.0
sh601717,郑煤机,294000000.0,6961799.999999999,2849900.0,4112000.0,300000000.0
sh603137,恒尚节能,34495800.0,28670100.000000004,24592300.0,4077799.9999999995,34495800.0
sz300124,汇川技术,546000000.0,12476800.0,8416300.0,4060500.0,826000000.0
sz002056,横店东磁,678000000.0,15810000.0,11776300.000000002,4033700.0,694000000.0
sz300253,卫宁健康,836999999.9999999,18045500.0,14015200.0,4030299.9999999995,858000000.0
sz301203,国泰环保,53698700.0,48038200.0,44010500.0,4027700.0,180000000.0
sz300520,科大国创,259000000.0,12087400.0,8064600.0,4022799.9999999995,259000000.0
sz000534,万泽股份,129000000.0,6194400.000000001,2196400.0,3998100.0,130000000.0
sh600297,广汇汽车,666000000.0,14223000.0,10227400.0,3995600.0,677000000.0
sz300437,清水源,60693800.0,10821400.000000002,6865300.0,3956100.0,60693800.0
sh601890,亚星锚链,254999999.99999997,11437600.0,7481799.999999999,3955800.0,256000000.0
sz300433,蓝思科技,1073000000.0,16574900.0,12621700.0,3953200.0,1105000000.0
sh600967,内蒙一机,484000000.0,6999500.0,3076000.0,3923399.9999999995,495000000.0
sh600597,光明乳业,266000000.0,8168700.0,4248600.0,3920000.0,274000000.0
sz301292,海科新源,77088300.0,9107800.0,5193900.0,3913900.0,77088300.0
sh688089,嘉必优,92150400.00000001,13262100.0,9349400.0,3912600.0,92658100.0
sh603816,顾家家居,72105700.0,8046300.0,4147300.0,3899000.0,92819900.0
sh603172,万丰股份,28767000.0,12510000.0,8622100.0,3887900.0,28767000.0
sh600480,凌云股份,194000000.0,5721600.0,1835100.0,3886400.0,197000000.0
sz300770,新媒股份,430000000.0,7450100.0,3576300.0,3873800.0,432000000.0
sz002508,老板电器,134000000.00000001,7296300.0,3442700.0,3853600.0,144000000.0
sz002541,鸿路钢构,30878900.0,6900100.0,3078300.0,3821800.0,34232500.0
sh601016,节能风电,625000000.0,7223400.0,3414700.0000000005,3808700.0,668000000.0
sh601628,中国人寿,584000000.0,16822100.0,13015300.0,3806700.0,605000000.0
sh601106,中国一重,483000000.0,7623099.999999999,3826300.0,3796800.0,487000000.0
sz301127,天源环保,72880600.0,10230200.0,6440000.0,3790200.0,72880600.0
sh600208,新湖中宝,852999999.9999999,14266500.0,10484300.0,3782200.0000000005,1002000000.0
sh600750,江中药业,311000000.0,8456900.0,4680900.0,3776000.0,316000000.0
sz002600,领益智造,584000000.0,8756600.0,4981800.0,3774800.0,597000000.0
sz002585,双星新材,366000000.0,14018400.0,10244300.0,3774100.0000000005,371000000.0
sh601800,中国交建,788000000.0,23981300.0,20209200.0,3772200.0000000005,802000000.0
sz000428,华天酒店,124000000.0,19464500.0,15724100.0,3740400.0,131000000.0
sz002038,双鹭药业,526999999.99999994,7368800.0,3641000.0,3727700.0,530000000.0
sz300205,天喻信息,311000000.0,7908900.0,4198200.0,3710800.0,311000000.0
sz000739,普洛药业,334000000.0,7652900.0,3946700.0,3706100.0,340000000.0
sh600131,国网信通,231999999.99999997,11245700.0,7542200.0,3703399.9999999995,240000000.0
sh601860,紫金银行,328000000.0,15632600.0,11937900.0,3694700.0000000005,340000000.0
sz300872,天阳科技,177000000.0,8927900.0,5242100.0,3685800.0,182000000.0
sz300366,创意信息,392000000.0,26831300.0,23150000.0,3681300.0,395000000.0
sz300926,博俊科技,53061100.0,8280200.0,4602800.0,3677300.0,53061100.0
sz000811,冰轮环境,310000000.0,6189000.0,2521600.0,3667400.0,313000000.0
sz000885,城发环境,220000000.00000003,8589900.0,4931300.0,3658500.0,221000000.0
sh688347,华虹公司,294000000.0,27298800.0,23643200.0,3655700.0,411000000.00000006
sz000006,深振业Ａ,501999999.99999994,56936800.0,53281700.0,3655000.0,511000000.00000006
sh603613,国联股份,842000000.0,24858200.0,21213000.0,3645200.0,846000000.0000001
sh688262,国芯科技,343000000.0,11423599.999999998,7803500.0,3620100.0,354000000.0
sh688334,西高院,79206700.0,10932000.0,7359500.0,3572500.0,82651200.00000001
sh688078,龙软科技,89379100.0,5393099.999999999,1825000.0,3568100.0,89737400.0
sh688123,聚辰股份,312000000.0,9450600.0,5883099.999999999,3567500.0,328000000.0
sz300948,冠中生态,44389399.99999999,12082600.0,8518800.0,3563700.0,44389399.99999999
sz301079,邵阳液压,43581600.0,4900800.0,1363700.0,3537100.0,43581600.0
sz002179,中航光电,432000000.0,18112500.0,14581500.0,3531000.0,454000000.0
sz301349,信德新材,83002200.0,7444500.0,3930899.9999999995,3513600.0,85754800.0
sh600346,恒力石化,4401000000.0,7983500.0,4471900.0,3511600.0000000005,4401000000.0
sz002423,中粮资本,119000000.0,10712000.0,7203300.0,3508700.0,121000000.0
sh600664,哈药股份,363000000.0,6279700.0,2785500.0,3494200.0,363000000.0
sz000521,长虹美菱,112000000.00000001,6988700.0,3497900.0,3490800.0,112000000.00000001
sz301519,舜禹股份,49737000.0,21937900.0,18459600.0,3478300.0,49737000.0
sh600176,中国巨石,880000000.0000001,6902200.0,3425200.0,3476900.0,890000000.0
sz301016,雷尔伟,37087100.0,13820600.0,10363200.0,3457400.0,37087100.0
sz002532,天山铝业,318000000.0,5529700.0,2081100.0000000002,3448600.0,328000000.0
sh688787,海天瑞声,219000000.0,12100800.0,8667000.0,3433700.0,242000000.0
sz300775,三角防务,325000000.0,13223200.0,9808800.0,3414400.0,329000000.0
sh600739,辽宁成大,1365000000.0,6057100.0,2643800.0,3413300.0,1373000000.0
sz002030,达安基因,654000000.0,12073100.0,8694100.0,3378900.0,722000000.0
sh600170,上海建工,357000000.0,8511300.0,5177300.0,3334000.0,368000000.0
sz300189,神农科技,95478000.0,10337200.0,7012000.0,3325200.0,95737700.0
sh688066,航天宏图,242000000.0,10545300.0,7269000.0,3276200.0,268000000.00000003
sh600820,隧道股份,488000000.0,5402900.0,2127000.0,3275899.9999999995,494000000.00000006
sh600372,中航电子,1734000000.0,26045400.0,22792500.0,3253000.0,1848000000.0
sh600860,京城股份,103000000.0,17361800.0,14111099.999999998,3250700.0,103000000.0
sz301365,矩阵股份,37324400.0,10929000.0,7729800.0,3199200.0,37324400.0
sh603379,三美股份,365000000.0,15151600.0,11962100.0,3189600.0,381000000.0
sh600655,豫园股份,229000000.0,5793900.0,2607300.0,3186600.0000000005,241000000.0
sz301377,鼎泰高科,61283300.0,5266600.0,2082400.0,3184200.0,61283300.0
sh688002,睿创微纳,288000000.0,6265100.0,3087500.0,3177600.0,325000000.0
sh688228,开普云,113999999.99999999,11172100.0,8004700.0,3167400.0,113999999.99999999
sz300039,上海凯宝,348000000.0,8159900.0,4998300.0,3161600.0000000005,356000000.0
sz301376,致欧科技,37850600.0,7879500.0,4720700.0,3158800.0,42067900.0
sh600610,中毅达,160000000.0,5875200.0,2717799.9999999995,3157400.0,163000000.0
sh601399,国机重装,129000000.0,5115300.0,1960600.0,3154700.0000000005,132000000.0
sz300961,深水海纳,43368100.00000001,13930700.0,10789200.0,3141400.0,43368100.00000001
sh688789,宏华数科,93906600.0,7474000.0,4368300.0,3105700.0,104000000.0
sh600085,同仁堂,681000000.0,18283600.0,15189100.0,3094500.0,698000000.0
sz002339,积成电子,139000000.0,5269100.0,2175800.0,3093200.0,139000000.0
sz000596,古井贡酒,83726800.0,7489800.0,4398500.0,3091300.0,398000000.0
sh603228,景旺电子,183000000.0,5621300.0,2534100.0,3087200.0000000005,188000000.0
sh600908,无锡银行,261000000.0,7448200.000000001,4409000.0,3039200.0,266000000.0
sh600415,小商品城,1376000000.0,74457900.0,71418800.0,3039100.0000000005,1586000000.0
sz301281,科源制药,46010300.0,20479600.0,17441000.0,3038600.0,46010300.0
sz001287,中电港,338000000.0,22211000.0,19174300.0,3036600.0000000005,338000000.0
sz002446,盛路通信,413000000.0,6815500.0,3779900.0,3035500.0,417000000.0
sz000070,特发信息,198000000.0,4197400.0,1166000.0,3031500.0,198000000.0
sz002468,申通快递,215000000.0,5402200.0,2378400.0,3023700.0,220000000.00000003
sz000537,广宇发展,488999999.99999994,8139600.0,5119700.0,3020000.0,513000000.0
sz002987,京北方,149000000.0,8888000.0,5874800.0,3013200.0,150000000.0
sh600732,爱旭股份,1287000000.0,29289800.0,26288600.0,3001200.0,1426000000.0
sz000966,长源电力,240000000.0,7634600.0,4639600.0,2995000.0,244000000.0
sz000426,兴业银锡,774000000.0,9598800.0,6627100.0,2971700.0,782000000.0
sz300777,中简科技,507000000.0,7307500.0,4348900.0,2958600.0,512000000.0
sh601997,贵阳银行,1055000000.0000001,14556099.999999998,11601000.0,2955100.0,1245000000.0
sh603698,航天工程,153000000.0,4497200.0,1548700.0,2948500.0,153000000.0
sh688155,先惠技术,187000000.0,3447100.0,500100.0,2946900.0,187000000.0
sh600271,航天信息,675000000.0,11039400.0,8095700.000000001,2943800.0,689000000.0
sz300251,光线传媒,363000000.0,12760000.0,9817300.0,2942700.0,490000000.00000006
sh688739,成大生物,190000000.0,4535900.0,1603700.0,2932200.0000000005,210000000.0
sh688158,优刻得,359000000.0,13701700.0,10774400.0,2927300.0,362000000.0
sh600399,抚顺特钢,186000000.0,6577800.0,3653399.9999999995,2924400.0,200000000.0
sh600354,敦煌种业,131000000.0,8445200.0,5528099.999999999,2917200.0000000005,131000000.0
sh600976,健民集团,96842300.0,5773900.0,2881100.0,2892900.0,98871900.0
sh688305,科德数控,153000000.0,6052000.0,3165000.0,2887000.0,154000000.0
sh688106,金宏气体,206000000.0,6715000.0,3831800.0,2883200.0,218000000.00000003
sh688659,元琛科技,128000000.0,6160900.0,3289900.0,2871000.0,129000000.0
sh600197,伊力特,319000000.0,7898300.0,5041200.0,2857100.0,323000000.0
sh688612,威迈斯,40471800.0,8741500.0,5893500.0,2848000.0,53556600.0
sz002307,北新路桥,314000000.0,20308900.0,17466500.0,2842400.0,317000000.0
sh600390,五矿资本,771000000.0,12624600.0,9788500.0,2836100.0,782000000.0
sz300025,华星创业,394000000.0,12278400.0,9447800.0,2830600.0,394000000.0
sz301115,建科股份,28518600.0,6099700.0,3276600.0000000005,2823100.0,28518600.0
sz002471,中超控股,80146400.0,7909800.0,5087400.0,2822400.0,80146400.0
sh601969,海南矿业,237000000.0,5796700.0,2978500.0,2818200.0,239000000.0
sh688006,杭可科技,154000000.0,4908400.0,2097900.0,2810500.0,160000000.0
sh600187,国中水务,225000000.0,16283300.0,13489800.0,2793500.0,225000000.0
sh600120,浙江东方,793000000.0,5846799.999999999,3067000.0,2779800.0,795000000.0
sz301327,华宝新能,129000000.0,8424900.0,5646900.000000001,2778000.0,133000000.0
sh688603,天承科技,20940400.0,6833900.0,4058300.0,2775600.0,28332600.000000004
sh688548,广钢气体,202000000.0,40534500.0,37760900.0,2773700.0,206999999.99999997
sh601069,西部黄金,136000000.0,5497700.0,2726800.0,2770899.9999999995,146000000.0
sh600872,中炬高新,533000000.0,4662900.0,1894800.0,2768100.0,541000000.0
sh601020,华钰矿业,338000000.0,7396799.999999999,4630300.0,2766600.0000000005,338000000.0
sz001914,招商积余,127000000.0,8644000.0,5898600.0,2745400.0,131000000.0
sh688486,龙迅股份,16704800.0,7077400.0,4334700.0,2742700.0,32183900.0
sz002603,以岭药业,1107000000.0,14410000.0,11667400.0,2742500.0,1147000000.0
sz301307,美利信,111000000.00000001,8588500.0,5854100.0,2734300.0,111000000.00000001
sz301039,中集车辆,112000000.00000001,5995100.0,3264300.0,2730800.0,147000000.0
sz301181,标榜股份,41387000.0,5191900.000000001,2473700.0,2718300.0,41387000.0
sh603920,世运电路,260000000.0,5214000.0,2496100.0,2717900.0,261000000.0
sz002202,金风科技,1161000000.0,16883600.0,14176400.000000002,2707300.0,1177000000.0
sz002428,云南锗业,671000000.0,21539300.0,18844400.0,2694900.0,684000000.0
sz002554,惠博普,132000000.0,3876500.0,1190400.0,2686200.0,132000000.0
sh603416,信捷电气,75433400.0,7038000.0,4362700.0,2675299.9999999995,78037100.0
sh601156,东航物流,269000000.0,8240599.999999999,5586400.0,2654200.0,274000000.0
sh600285,羚锐制药,182000000.0,3645200.0,1005300.0,2639900.0,185000000.0
sz000563,陕国投Ａ,363000000.0,8945500.0,6307400.0,2638100.0,368000000.0
sh688339,亿华通,276000000.0,5916799.999999999,3278900.0,2637900.0,290000000.0
sz000065,北方国际,299000000.0,11134900.0,8505500.0,2629400.0,310000000.0
sh688575,亚辉龙,213000000.0,4050500.0,1424700.0,2625800.0,217000000.0
sh600905,三峡能源,1655000000.0,19523900.0,16909500.0,2614400.0,1782000000.0
sh600435,北方导航,587000000.0,20166700.0,17562800.0,2603900.0,611000000.0
sz002284,亚太股份,227999999.99999997,8668900.0,6066600.0,2602300.0,229000000.0
sz002053,云南能投,112000000.00000001,19312000.0,16710200.0,2601800.0,113999999.99999999
sz002235,安妮股份,299000000.0,101000000.0,98212400.0,2593600.0,300000000.0
sh688108,赛诺医疗,210000000.0,3672500.0,1081800.0,2590700.0,210000000.0
sz002217,合力泰,736000000.0,4369600.0,1779500.0,2590100.0,740000000.0
sh605123,派克新材,137000000.0,6788099.999999999,4224600.0,2563500.0,141000000.0
sz301303,真兰仪表,72030000.0,9802600.0,7240500.0,2562100.0,72030000.0
sh688062,迈威生物,26771800.0,3716100.0,1158400.0,2557700.0,31445800.0
sh600993,马应龙,496000000.0,3557200.0000000005,1006900.0,2550200.0,498000000.00000006
sz002595,豪迈科技,191000000.0,3958200.0,1418100.0,2540100.0,200000000.0
sz300894,火星人,85691900.0,4258200.0,1719400.0,2538800.0,88063200.0
sh600409,三友化工,353000000.0,4370300.0,1831900.0,2538400.0,366000000.0
sz301323,新莱福,56575200.00000001,27938900.0,25408900.0,2530000.0,97519599.99999999
sz300902,国安达,125000000.0,3349300.0,831000.0,2518200.0,125000000.0
sz300450,先导智能,1046000000.0000001,22623400.0,20105300.0,2518100.0,1100000000.0
sz300959,线上线下,50993700.0,11767700.0,9252100.0,2515600.0,50993700.0
sz301322,绿通科技,49090100.0,5029800.0,2519300.0,2510500.0,49090100.0
sz002410,广联达,280000000.0,23717000.0,21209000.0,2508000.0,296000000.0
sz002438,江苏神通,140000000.0,4366600.0,1888800.0,2477800.0,140000000.0
sz001696,宗申动力,231999999.99999997,4984500.0,2508800.0,2475700.0,233000000.0
sz002099,海翔药业,1183000000.0,6243200.000000001,3785000.0,2458200.0,1186000000.0
sz300017,网宿科技,1272000000.0,15071400.000000002,12615800.0,2455600.0,1284000000.0
sh688509,正元地信,72041800.0,6139600.0,3688100.0,2451500.0,72041800.0
sz002454,松芝股份,119000000.0,3546700.0,1112000.0,2434800.0,119000000.0
sz300880,迦南智能,91585400.00000001,6430000.0,3998700.0,2431300.0,91585400.00000001
sz002300,太阳电缆,293000000.0,4218100.0,1789700.0,2428400.0,293000000.0
sh688207,格灵深瞳,122000000.0,6828500.0,4401500.0,2427000.0,165000000.0
sh600129,太极集团,217000000.0,7276400.0,4856700.0,2419800.0,229999999.99999997
sz002881,美格智能,108000000.0,5158099.999999999,2761200.0,2396900.0,109000000.00000001
sz002126,银轮股份,176000000.0,11060900.0,8684600.0,2376300.0,215000000.0
sz002334,英威腾,386000000.0,9852100.0,7486400.0,2365700.0,387000000.0
sh603088,宁波精达,83219300.0,4455400.0,2092300.0,2363100.0,83522700.0
sz300975,商络电子,107000000.0,6125700.000000001,3765400.0,2360300.0,108000000.0
sz300310,宜通世纪,227000000.0,4710500.0,2352000.0,2358500.0,227000000.0
sz300942,易瑞生物,59042299.99999999,20074900.0,17726200.0,2348700.0,64183900.0
sh600153,建发股份,453000000.0,5483700.0,3141500.0,2342200.0,470000000.0
sh688627,精智达,38840200.0,7040100.0,4698100.0,2342100.0,49286000.0
sz002664,信质集团,52483500.0,4511400.0,2173400.0,2338000.0,56195000.0
sz002100,天康生物,511000000.00000006,9281000.0,6943500.0,2337500.0,536000000.00000006
sh688366,昊海生科,111000000.00000001,8495100.0,6157900.0,2337300.0,118000000.0
sh603963,大理药业,29282500.0,4096400.0,1759199.9999999998,2337200.0,29282500.0
sh600975,新五丰,209000000.0,5031400.0,2694500.0,2336900.0,408000000.0
sh600115,中国东航,360000000.0,8111400.0,5775500.0,2335800.0,361000000.0
sz300691,联合光电,244000000.0,5999200.0,3664900.0,2334300.0,246000000.0
sz000402,金融街,454000000.0,4543800.0,2209600.0,2334200.0,461000000.00000006
sh603125,常青科技,115999999.99999999,18766700.0,16437400.0,2329300.0,115999999.99999999
sh688658,悦康药业,136000000.0,3712000.0,1384600.0,2327300.0,136000000.0
sh688151,华强科技,62792000.0,4673100.0,2346700.0,2326300.0,68555100.0
sh600637,东方明珠,762000000.0,6263099.999999999,3937400.0,2325700.0,773000000.0
sz002544,普天科技,978999999.9999999,7865900.0,5549200.0,2316700.0,986000000.0
sz301518,长华化学,30506200.0,5410000.0,3099400.0,2310600.0,30506200.0
sh603659,璞泰来,558000000.0,7638000.0,5330000.0,2308000.0,654000000.0
sh688237,超卓航科,45972800.0,4621000.0,2316900.0,2304100.0,48791700.0
sz300865,大宏立,25333900.0,5794900.0,3504000.0,2290900.0,25333900.0
sh603198,迎驾贡酒,131000000.0,11700400.0,9422300.0,2278100.0,208000000.0
sz300049,福瑞股份,276000000.0,3572300.0,1330900.0,2241400.0,276000000.0
sh601339,百隆东方,49356400.0,2543900.0,306500.0,2237500.0,49531400.0
sz002796,世嘉科技,83901900.0,4114100.0000000005,1878300.0000000002,2235800.0,83919599.99999999
sh688981,中芯国际,3202000000.0000005,61026700.0,58799900.0,2226700.0,3353000000.0
sh601999,出版传媒,125000000.0,13119400.0,10892700.0,2226700.0,125000000.0
sh600572,康恩贝,515000000.00000006,7497800.0,5271200.0,2226600.0,518000000.0
sz002626,金达威,483000000.0,4938200.0,2713700.0,2224500.0,491000000.0
sh600760,中航沈飞,897000000.0000001,29408700.0,27188600.0,2220200.0,914000000.0
sz002085,万丰奥威,337000000.0,5310300.0,3103200.0,2207100.0,340000000.0
sh600971,恒源煤电,267000000.0,12250800.0,10049000.0,2201700.0,269000000.0
sz000778,新兴铸管,608000000.0,12830800.0,10635900.0,2195000.0,636000000.0
sz301165,锐捷网络,140000000.0,6586000.0,4393100.0,2192900.0,143000000.0
sz002354,天娱数科,509000000.0,12351800.0,10160100.0,2191700.0,509999999.99999994
sz300185,通裕重工,87955600.0,4313600.0,2127200.0,2186400.0,91687700.0
sz002088,鲁阳节能,42528900.0,5555700.000000001,3374300.0,2181500.0,44496200.0
sh688275,万润新能,168000000.0,3944900.0,1772600.0,2172300.0,172000000.0
sz001896,豫能控股,157000000.0,2671000.0,504799.99999999994,2166200.0,160000000.0
sh600606,绿地控股,1435000000.0,10373000.0,8212300.0,2160700.0,1445000000.0
sz000623,吉林敖东,944000000.0,14930300.0,12774800.0,2155500.0,963000000.0000001
sz301260,格力博,160000000.0,5848099.999999999,3695299.9999999995,2152700.0,160000000.0
sh600007,中国国贸,157000000.0,3698600.0,1545900.0,2152600.0,159000000.0
sz301291,明阳电气,60982600.0,8264100.0,6119400.000000001,2144700.0,64161400.0
sz000989,九芝堂,325000000.0,5308600.0,3165800.0,2142800.0,328000000.0
sz301238,瑞泰新材,174000000.0,5999800.0,3864500.0,2135300.0,183000000.0
sz300854,中兰环保,39602900.0,14278200.0,12144600.0,2133600.0,39602900.0
sz000559,万向钱潮,634000000.0,4423300.0,2293900.0,2129400.0,649000000.0
sz002140,东华科技,185000000.0,2795899.9999999995,670699.9999999999,2125200.0,185000000.0
sh688205,德科立,99007300.0,4580100.0,2457400.0,2122700.0,139000000.0
sh600537,亿晶光电,412000000.0,9659800.0,7539000.0,2120700.0,413000000.0
sz002429,兆驰股份,426000000.0,5750700.000000001,3631900.0,2118800.0,436000000.00000006
sz301371,敷尔佳,121000000.0,17613100.0,15502700.0,2110400.0,121000000.0
sh603619,中曼石油,204000000.0,5805599.999999999,3698200.0,2107400.0,204000000.0
sz301048,金鹰重工,112999999.99999999,12129200.0,10022900.0,2106300.0,112999999.99999999
sz301117,佳缘科技,91961200.00000001,3036300.0,937500.0,2098700.0,107000000.0
sz000672,上峰水泥,224000000.00000003,3465200.0,1368899.9999999998,2096300.0,225000000.0
sz300451,创业慧康,277000000.0,9867400.0,7780000.0,2087400.0,279000000.0
sz002017,东信和平,258000000.0,7224800.0,5141000.0,2083800.0,258000000.0
sh688456,有研粉材,112000000.00000001,6139400.000000001,4060400.0,2079000.0,112000000.00000001
sh603979,金诚信,75766000.0,6963099.999999999,4884900.0,2078200.0,98755800.0
sz002697,红旗连锁,155000000.0,5737100.0,3659000.0,2078100.0,156000000.0
sz300751,迈为股份,528000000.0,8938600.0,6862400.0,2076200.0,750000000.0
sz300862,蓝盾光电,90830500.0,2750000.0,677700.0,2072300.0,90830500.0
sz300912,凯龙高科,74229800.0,4284400.0,2213300.0,2071100.0000000002,74229800.0
sz301329,信音电子,40784800.0,6945300.0,4880700.0,2064600.0,40784800.0
sz002269,美邦服饰,71459900.0,4120800.0,2057600.0,2063200.0,71488300.0
sh603319,湘油泵,91980600.0,4211100.0,2155100.0,2056000.0,101000000.0
sh601689,拓普集团,818000000.0,12587000.0,10533500.0,2053500.0,856000000.0
sh600426,华鲁恒升,359000000.0,7185900.0,5133900.0,2052100.0,366000000.0
sh688520,神州细胞,66176700.0,3218300.0,1176500.0,2041800.0,72190100.0
sh688056,莱伯泰科,58747400.0,6678400.0,4640300.0,2038100.0,58747400.0
sz002572,索菲亚,152000000.0,3674600.0,1636500.0,2038100.0,162000000.0
sz300054,鼎龙股份,471000000.0,7486600.0,5452600.0,2034000.0,483000000.0
sh600528,XD中铁工,405999999.99999994,6317400.0,4300500.0,2017000.0,413000000.0
sh688606,奥泰生物,73656500.0,2618200.0,607800.0,2010400.0,74179500.0
sz002155,湖南黄金,771000000.0,22554100.0,20547700.0,2006399.9999999998,780000000.0
sh688358,祥生医疗,67754000.0,3066000.0,1068000.0,1998000.0,68351800.0
sh603195,公牛集团,215000000.0,5445700.000000001,3451300.0,1994400.0,229999999.99999997
sz002148,北纬科技,187000000.0,6934000.0,4942600.0,1991399.9999999998,193000000.0
sz002243,力合科创,233000000.0,6587400.0,4602000.0,1985400.0,236000000.0
sz000777,中核科技,256999999.99999997,5064000.0,3079800.0,1984300.0,256999999.99999997
sz000926,福星股份,393000000.0,5452200.0,3474100.0000000005,1978100.0,393000000.0
sz000629,钒钛股份,939000000.0,10404700.0,8431700.0,1973000.0,1264000000.0
sz300020,银江技术,466000000.0,12300200.0,10328100.0,1972100.0,467000000.0
sh603035,常熟汽饰,82195800.0,5144000.0,3172400.0,1971699.9999999998,82399400.0
sz002523,天桥起重,88566500.0,2445600.0,475400.0,1970200.0,88566500.0
sz002065,东华软件,1005000000.0000001,14163599.999999998,12199900.0,1963700.0,1033000000.0
sz301219,腾远钴业,159000000.0,4802500.0,2842300.0,1960100.0,169000000.0
sh603318,水发燃气,163000000.0,21816300.0,19858200.0,1958000.0,163000000.0
sz003021,兆威机电,115999999.99999999,7997800.0,6041900.000000001,1955900.0,120000000.0
sz000581,威孚高科,505999999.99999994,7025000.0,5070300.0,1954700.0,513000000.0
sh688198,佰仁医疗,142000000.0,2453600.0,500600.0,1953000.0,177000000.0
sh688479,友车科技,41116800.0,5767400.0,3814800.0,1952600.0,43844300.0
sh600795,国电电力,963000000.0000001,20757500.0,18807800.0,1949700.0,981000000.0
sh600470,六国化工,94956600.0,7470000.0,5523200.000000001,1946800.0,94956600.0
sz301515,港通医疗,45578100.00000001,17550100.0,15612200.0,1937900.0,45642500.0
sz301035,润丰股份,162000000.0,2875200.0,948199.9999999999,1927100.0,194000000.0
sz300653,正海生物,127000000.0,5109700.0,3183800.0,1925800.0000000002,128000000.0
sh688251,井松智能,33703700.0,2981900.0,1071100.0,1910800.0000000002,35837400.0
sz002216,三全食品,178000000.0,6966400.0,5058400.0,1908000.0,186000000.0
sh601333,广深铁路,221000000.0,2791900.0,895800.0,1896100.0000000002,222000000.00000003
sz300199,翰宇药业,403000000.0,16635300.0,14765400.0,1869900.0,404000000.0
sh600722,金牛化工,110000000.00000001,2335200.0,484099.99999999994,1851200.0,110000000.00000001
sz300145,中金环境,211000000.0,10328500.0,8483900.0,1844600.0,211000000.0
sh600238,海南椰岛,95782700.0,4466400.0,2633500.0,1833000.0,108000000.0
sh688105,诺唯赞,125000000.0,3191800.0,1375300.0,1816500.0,137000000.0
sh601028,玉龙股份,256999999.99999997,5026700.0,3212700.0,1814000.0,259000000.0
sz300197,节能铁汉,164000000.0,5904700.0,4091900.0,1812800.0,164000000.0
sz002123,梦网科技,480999999.99999994,17698400.0,15886800.0,1811600.0,499000000.0
sh603799,华友钴业,2574000000.0,27683100.0,25872399.999999996,1810700.0,4479000000.0
sz300685,艾德生物,111000000.00000001,3341800.0,1538200.0,1803500.0,113999999.99999999
sz300284,苏交科,225000000.0,8651900.0,6849400.000000001,1802500.0,227999999.99999997
sz002657,中科金财,292000000.0,7413500.0,5615900.0,1797600.0,292000000.0
sh601066,中信建投,1742000000.0000002,32570500.0,30777000.0,1793500.0,1764999999.9999998
sh601866,中远海发,597000000.0,9549400.0,7758600.0,1790800.0000000002,621000000.0
sh688171,纬德信息,32335800.0,3713600.0,1928800.0,1784800.0,32749699.999999996
sz000655,金岭矿业,153000000.0,4241000.0,2457100.0,1783899.9999999998,153000000.0
sz000050,深天马Ａ,821000000.0000001,5526700.0,3744400.0,1782300.0,830000000.0000001
sz300772,运达股份,220000000.00000003,4182600.0,2401000.0,1781600.0,225000000.0
sz002491,通鼎互联,241000000.0,6762800.0,4986200.0,1776600.0,241000000.0
sz301390,经纬股份,23739699.999999996,10478400.0,8704000.0,1774400.0,23739699.999999996
sz002340,格林美,2051000000.0000002,19244200.0,17472400.0,1771800.0,2101000000.0000002
sz002841,视源股份,218000000.00000003,2725800.0,955600.0,1770200.0,229000000.0
sz002705,新宝股份,212000000.0,3753399.9999999995,1984400.0,1769000.0,217000000.0
sz002791,坚朗五金,93740000.0,3572200.0000000005,1810000.0,1762200.0,105000000.0
sz301017,漱玉平民,46036200.0,14562300.0,12809500.0,1752700.0,46968700.0
sh603969,银龙股份,95220400.00000001,5161700.0,3411800.0,1749900.0,95220400.00000001
sz002124,天邦食品,445000000.0,5127700.0,3378900.0,1748800.0,455999999.99999994
sz002127,南极电商,639000000.0,6205500.0,4466200.0,1739300.0,640000000.0
sz002081,金螳螂,319000000.0,2737400.0,1011400.0,1726000.0,324000000.0
sz300134,大富科技,227000000.0,3460700.0,1740000.0,1720700.0,231000000.0
sz001270,铖昌科技,254999999.99999997,5722200.0,4002799.9999999995,1719400.0,259000000.0
sz000415,渤海租赁,267000000.0,2858000.0,1144600.0,1713400.0,274000000.0
sz001282,三联锻造,42033800.0,6235100.0,4524600.0,1710500.0,42033800.0
sh688562,航天软件,108000000.0,11888500.0,10179200.0,1709199.9999999998,110000000.00000001
sz002895,川恒股份,183000000.0,10390200.0,8690400.0,1699700.0,186000000.0
sz002203,海亮股份,1230000000.0,3370600.0,1673700.0,1697000.0,1248000000.0
sh603538,美诺华,165000000.0,3660800.0,1967500.0,1693300.0000000002,165000000.0
sh600529,山东药玻,473000000.00000006,2415500.0,724400.0,1691100.0000000002,482000000.0
sh603601,再升科技,170000000.0,2343300.0,658300.0,1685000.0,171000000.0
sz301161,唯万密封,38449900.0,3541400.0,1857800.0,1683600.0000000002,53519900.0
sh600516,方大炭素,1011000000.0,6919100.0,5263800.0,1655400.0,1069999999.9999999
sh600183,生益科技,650000000.0,5966200.0,4313100.0,1653100.0,667000000.0
sz002701,奥瑞金,548000000.0,8046799.999999999,6397000.0,1649800.0,551000000.0
sz300919,中伟股份,470000000.0,8953000.0,7307400.0,1645600.0,482000000.0
sh603011,合锻智能,109000000.00000001,2585700.0,943500.0,1642200.0,109000000.00000001
sz002042,华孚时尚,188000000.0,1916600.0,275500.0,1641100.0000000002,189000000.0
sz002456,欧菲光,725000000.0,7250900.0,5612200.0,1638700.0,732000000.0
sh600345,长江通信,176000000.0,2624800.0,986200.0,1638600.0000000002,183000000.0
sz000555,神州信息,399000000.0,8201500.0,6564100.0,1637400.0,417000000.0
sz301166,优宁维,53024000.0,3267700.0,1633600.0000000002,1634100.0,53246000.0
sz300993,玉马遮阳,90713799.99999999,2580899.9999999995,947000.0,1633899.9999999998,90713799.99999999
sh688581,安杰思,24464000.0,2974500.0,1348500.0,1626000.0,28212399.999999996
sz002093,国脉科技,286000000.0,5801700.0,4184100.0000000005,1617600.0,286000000.0
sz300493,润欣科技,212000000.0,3118900.0,1503300.0000000002,1615700.0,212000000.0
sh603800,道森股份,166000000.0,5484200.0,3870000.0,1614199.9999999998,166000000.0
sz301156,美农生物,18308700.0,5815599.999999999,4202100.0,1613500.0,18308700.0
sh600079,人福医药,321000000.0,5891799.999999999,4282900.0,1609000.0,344000000.0
sz300755,华致酒行,105000000.0,3765299.9999999995,2168000.0,1597300.0,106000000.0
sh688229,博睿数据,45053300.0,7164800.0,5568800.0,1596000.0,45053300.0
sz002648,卫星化学,628000000.0,3653000.0,2068400.0,1584500.0,631000000.0
sz000401,冀东水泥,482000000.0,5572100.0,3987900.0,1584300.0,496000000.0
sz000869,张裕Ａ,277000000.0,2838700.0,1262900.0,1575900.0,286000000.0
sh600741,华域汽车,363000000.0,5720300.0,4150800.0,1569400.0,375000000.0
sz300352,北信源,351000000.0,5420700.000000001,3858300.0,1562500.0,354000000.0
sh688183,生益电子,95315600.0,5567400.0,4005400.0,1562000.0,95315600.0
sz000657,中钨高新,111000000.00000001,3717000.0,2155200.0,1561800.0,112999999.99999999
sz002287,奇正藏药,109000000.00000001,2970000.0,1408200.0,1561800.0,110000000.00000001
sz301195,北路智控,74467300.0,3146300.0,1584600.0,1561800.0,74559700.0
sz300376,易事特,209000000.0,3442799.9999999995,1883100.0,1559800.0,240000000.0
sh603025,大豪科技,176000000.0,11398900.000000002,9841400.0,1557500.0,179000000.0
sz301092,争光股份,50846000.0,17950700.0,16395800.0,1555000.0,50846000.0
sz002577,雷柏科技,144000000.0,3623900.0,2072500.0,1551399.9999999998,144000000.0
sz000997,新大陆,496000000.0,4636000.0,3087300.0,1548700.0,507000000.0
sz300527,中船应急,268000000.00000003,4557300.0,3009100.0000000005,1548200.0,272000000.0
sz000825,太钢不锈,615000000.0,4038200.0,2490700.0,1547500.0,622000000.0
sz300416,苏试试验,88444599.99999999,3206400.0,1675400.0,1531000.0,89155100.0
sz000830,鲁西化工,739000000.0,5205000.0,3675400.0,1529600.0,757000000.0
sz301199,迈赫股份,41988400.0,4421500.0,2892500.0,1529000.0,43616600.0
sz002091,江苏国泰,653000000.0,5664299.999999999,4139800.0,1524400.0,657000000.0
sz301468,博盈特焊,33767100.0,6730100.0,5205800.0,1524300.0,33785900.0
sh600496,精工钢构,81495000.0,3428100.0,1908400.0,1519700.0,84922099.99999999
sz000937,冀中能源,337000000.0,12019000.0,10500400.0,1518600.0000000002,360000000.0
sz300929,华骐环保,55180600.00000001,7764500.0,6250000.0,1514500.0,56059700.0
sh600797,浙大网新,563000000.0,7356200.0,5846799.999999999,1509400.0,567000000.0
sh605020,永和股份,70467200.0,2976500.0,1470100.0,1506399.9999999998,72692700.0
sz300900,广联航空,219000000.0,3794500.0,2289700.0,1504800.0,224000000.00000003
sz000301,东方盛虹,2155000000.0,10898599.999999998,9400400.0,1498200.0,2159000000.0
sz300315,掌趣科技,1013000000.0000001,29469500.0,27974400.0,1495000.0,1041000000.0
sh688576,西山科技,63331500.0,3925500.0,2430800.0,1494700.0,68092500.0
sz002073,软控股份,372000000.0,3805200.0,2329700.0,1475600.0,372000000.0
sh600009,上海机场,1528000000.0,58571600.0,57098000.0,1473500.0,1543000000.0
sz002166,莱茵生物,480000000.0,2863500.0,1401100.0000000002,1462500.0,480000000.0
sh600886,国投电力,434000000.0,7907500.0,6445800.0,1461600.0,444000000.00000006
sz002548,金新农,310000000.0,15666900.0,14206199.999999998,1460700.0,313000000.0
sh603899,晨光股份,65431700.0,3371100.0,1911800.0,1459300.0,65753300.0
sz300612,宣亚国际,87280100.0,4265700.0,2809100.0000000005,1456600.0,87280100.0
sh688696,极米科技,172000000.0,6841300.0,5386000.0,1455300.0,181000000.0
sh600222,太龙药业,176000000.0,2053000.0,604600.0,1448400.0,179000000.0
sh600894,广日股份,185000000.0,3148300.0,1703500.0,1444700.0,185000000.0
sh688593,新相微,75636500.0,2457300.0,1013300.0,1444100.0,80548700.0
sz300569,天能重工,138000000.0,2292000.0,848199.9999999999,1443800.0,242000000.0
sz300969,恒帅股份,47429500.0,3904600.0,2461300.0,1443300.0000000002,47429500.0
sh603858,步长制药,605000000.0,6244200.0,4811600.0,1432600.0,621000000.0
sz000818,航锦科技,2060000000.0000002,9499200.0,8068099.999999999,1431200.0,2080000000.0
sz300482,万孚生物,461000000.00000006,8231400.0,6801900.000000001,1429500.0,479000000.0
sz002275,桂林三金,99217900.00000001,2149300.0,721400.0,1427900.0,99350800.0
sh688199,久日新材,188000000.0,2985400.0,1565700.0,1419700.0,188000000.0
sh688573,C信宇人,38047900.0,23749400.0,22329899.999999996,1419500.0,123000000.0
sz300529,健帆生物,574000000.0,10411300.000000002,8993200.0,1418100.0,585000000.0
sh601919,中远海控,4039000000.0,18193000.0,16775700.0,1417300.0,4049000000.0
sh688016,心脉医疗,256000000.0,4582900.0,3172300.0,1410600.0,263000000.0
sh600213,亚星客车,51795200.00000001,3094000.0,1692100.0,1401900.0,51912700.00000001
sh601718,际华集团,478000000.0,10990200.0,9595800.0,1394400.0,480999999.99999994
sh600162,香江控股,139000000.0,5614800.0,4221800.0,1393000.0,139000000.0
sh603229,奥翔药业,338000000.0,1857700.0,468600.0,1389100.0,339000000.0
sh600888,新疆众和,480000000.0,6310400.0,4923000.0,1387400.0,484000000.0
sh600359,新农开发,77335200.0,2613500.0,1237700.0,1375800.0000000002,77540000.0
sz002174,游族网络,692000000.0,27978300.0,26609500.0,1368899.9999999998,707000000.0
sh600200,江苏吴中,283000000.0,3481100.0,2112400.0,1368700.0,283000000.0
sh600490,鹏欣资源,483000000.0,3209200.0,1842800.0,1366399.9999999998,483000000.0
sh600758,辽宁能源,125000000.0,3144200.0,1778200.0,1366000.0,126000000.0
sz301231,荣信文化,45267200.0,14674100.0,13311199.999999998,1362900.0,45267200.0
sh688059,华锐精密,67088400.0,2186400.0,828400.0,1358000.0,69806900.0
sh600903,贵州燃气,115999999.99999999,11900600.0,10543300.0,1357400.0,120000000.0
sz003035,南网能源,174000000.0,3294200.0,1937100.0,1357200.0,189000000.0
sh600830,香溢融通,200000000.0,2252300.0,896500.0,1355800.0000000002,200000000.0
sh600509,天富能源,357000000.0,6693099.999999999,5338900.0,1354199.9999999998,433000000.0
sh603236,移远通信,634000000.0,8528100.0,7187700.0,1340500.0,644000000.0
sz002141,贤丰控股,64521899.99999999,2271300.0,934599.9999999999,1336699.9999999998,65352500.0
sh600754,锦江酒店,224000000.00000003,6371799.999999999,5035600.0,1336200.0,235000000.0
sh600929,雪天盐业,246000000.0,34289800.0,32954699.999999996,1335200.0,365000000.0
sz301073,君亭酒店,70178700.0,6592000.0,5260800.0,1331300.0,72810500.0
sz301106,骏成科技,81101200.0,2216600.0,888300.0,1328300.0000000002,81101200.0
sz000042,中洲控股,79704000.0,2306300.0,978000.0,1328300.0000000002,79704000.0
sz301022,海泰科,36229300.0,10799000.0,9472100.0,1326800.0,36229300.0
sh603222,济民医疗,177000000.0,1762700.0,437299.99999999994,1325500.0,190000000.0
sz002218,拓日新能,70393500.0,2912700.0,1594199.9999999998,1318500.0,74376500.0
sh600682,南京新百,145000000.0,3015299.9999999995,1702000.0,1313300.0000000002,146000000.0
sz000958,电投产融,172000000.0,2765899.9999999995,1454900.0,1311000.0,181000000.0
sz301221,光庭信息,137000000.0,30025600.0,28721400.0,1304199.9999999998,139000000.0
sz300970,华绿生物,68467100.0,2767500.0,1463600.0000000002,1303800.0,68467100.0
sh688400,凌云光,213000000.0,7668300.0,6366900.000000001,1301300.0,310000000.0
sz000488,晨鸣纸业,966000000.0,2405700.0,1117900.0,1287700.0,968000000.0
sh688249,晶合集成,337000000.0,7299000.0,6011400.0,1287600.0,347000000.0
sh688112,鼎阳科技,64967700.00000001,3937100.0,2649900.0,1287200.0,67070700.0
sz301152,天力锂能,70611600.0,8946600.0,7660000.0,1286699.9999999998,70611600.0
sz002006,精工科技,376000000.0,7799000.0,6516000.0,1283000.0,381000000.0
sh603085,天成自控,108000000.0,5445300.0,4168700.0,1276600.0,108000000.0
sz301230,泓博医药,37396100.0,3600800.0,2324900.0,1275800.0,37396100.0
sz301310,鑫宏业,39239200.0,5330500.0,4056100.0,1274500.0,39239200.0
sh600498,烽火通信,549000000.0,7363700.0,6092000.0,1271700.0,561000000.0
sz000912,泸天化,199000000.0,6184500.0,4913500.0,1271000.0,199000000.0
sz002385,大北农,1110000000.0,4396000.0,3126100.0,1269900.0,1162000000.0
sz301398,星源卓镁,53721300.0,17548100.0,16279700.0,1268400.0,99570600.0
sz300676,华大基因,1079000000.0,10569400.0,9304600.0,1264800.0,1127000000.0
sz300065,海兰信,692000000.0,5247200.0,3984400.0,1262800.0,693000000.0
sh600389,江山股份,337000000.0,2658600.0,1397700.0,1260900.0,343000000.0
sz002759,天际股份,119000000.0,3557799.9999999995,2299100.0,1258700.0,128000000.0
sz000790,华神科技,318000000.0,2659700.0000000005,1405100.0,1254700.0,318000000.0
sz300087,荃银高科,160000000.0,7669900.0,6418000.0,1251800.0,166000000.0
sh688200,华峰测控,120000000.0,5001100.0,3752700.0,1248400.0,154000000.0
sz002036,联创电子,672000000.0,14702700.0,13457000.0,1245700.0,683000000.0
sz002274,华昌化工,298000000.0,2377400.0,1135100.0,1242300.0,298000000.0
sz000709,河钢股份,692000000.0,8045800.0,6804000.0,1241800.0,699000000.0
sz301183,东田微,58658200.0,6718099.999999999,5483099.999999999,1235000.0,77455300.0
sz000837,秦川机床,327000000.0,25820300.000000004,24586800.0,1233500.0,544000000.0
sz300406,九强生物,94725900.0,2933200.0,1700000.0,1233200.0,97131200.00000001
sz000422,湖北宜化,266000000.0,6218600.0,4986000.0,1232600.0,278000000.0
sz002158,汉钟精机,211000000.0,4890800.0,3658700.0,1232000.0,214000000.0
sh688683,莱尔科技,67427100.0,1642300.0,411900.0,1230400.0,67427100.0
sz000795,英洛华,187000000.0,4414500.0,3191600.0000000005,1222900.0,191000000.0
sz301246,宏源药业,53651700.0,4523700.0,3305800.0,1217900.0,53651700.0
sh600305,恒顺醋业,244000000.0,2795500.0,1579700.0,1215800.0,252999999.99999997
sh603938,三孚股份,144000000.0,3463900.0,2251500.0,1212300.0,146000000.0
sh600986,浙文互联,676000000.0,26400500.0,25195600.0,1204900.0,677000000.0
sz002320,海峡股份,238000000.0,2982600.0,1779700.0,1202900.0,238000000.0
sh688596,正帆科技,270000000.0,4450800.0,3256100.0,1194700.0,279000000.0
sh688063,派能科技,1518000000.0,31665200.0,30470600.0,1194600.0,1578000000.0
sh603588,高能环境,455000000.0,2440600.0,1246700.0,1193900.0,459000000.0
sh688329,艾隆科技,54361400.0,3398800.0,2215300.0,1183500.0,55557100.0
sz301257,普蕊斯,56372400.0,2642400.0,1459800.0,1182600.0,56403500.0
sh603042,华脉科技,132000000.0,21326300.0,20149100.0,1177200.0,132000000.0
sz300700,岱勒新材,233000000.0,3737000.0,2560000.0,1177000.0,233000000.0
sz002891,中宠股份,58177100.0,2910200.0,1734100.0,1176100.0,59884100.0
sh688636,智明达,54146500.0,4485000.0,3309500.0,1175500.0,54146500.0
sz000417,合肥百货,222000000.00000003,2657400.0,1484800.0,1172600.0,222000000.00000003
sh688337,普源精电,96670200.0,2115500.0,943800.0,1171700.0,152000000.0
sz000572,海马汽车,186000000.0,10215600.0,9044600.0,1171000.0,186000000.0
sz300920,润阳科技,25324800.0,1485600.0,317000.0,1168600.0,25324800.0
sz003022,联泓新科,204000000.0,5534299.999999999,4366700.0,1167600.0,206999999.99999997
sz002239,奥特佳,302000000.0,3293200.0,2127800.0,1165400.0,307000000.0
sz002332,仙琚制药,121000000.0,5559299.999999999,4394600.0,1164700.0,131000000.0
sz002242,九阳股份,111000000.00000001,2381100.0,1219800.0,1161400.0,113999999.99999999
sz002928,华夏航空,112999999.99999999,6682500.0,5524900.0,1157600.0,122000000.0
sh601958,金钼股份,686000000.0,9944900.0,8795000.0,1150000.0,696000000.0
sz300739,明阳电路,138000000.0,2804900.0,1655500.0,1149400.0,138000000.0
sz002432,九安医疗,1049000000.0,12995000.0,11845800.0,1149200.0,1104000000.0
sz000035,中国天楹,811000000.0,5100000.0,3953500.0,1146500.0,816000000.0
sh688114,华大智造,59272600.0,1709199.9999999998,565900.0,1143300.0,151000000.0
sz002204,大连重工,200999999.99999997,2457700.0,1324900.0,1132800.0,202000000.0
sz000516,国际医学,494000000.00000006,3229100.0000000005,2097900.0,1131200.0,494000000.00000006
sz300940,南极光,107000000.0,2511300.0,1396000.0,1115400.0,107000000.0
sz000158,常山北明,544000000.0,35360000.0,34255300.0,1104700.0,545000000.0
sh603602,纵横通信,111000000.00000001,4212200.0,3110400.0,1101800.0,111000000.00000001
sz301356,天振股份,38465600.0,2372700.0,1271000.0,1101800.0,38465600.0
sh600642,申能股份,248000000.0,4355800.0,3255100.0,1100700.0,261000000.0
sz300910,瑞丰新材,104000000.0,3939900.0,2839500.0,1100400.0,112000000.00000001
sh688711,宏微科技,491000000.0,4945500.0,3849500.0,1096100.0,503000000.0
sh600871,石化油服,186000000.0,9171100.0,8075700.000000001,1095400.0,196000000.0
sz000056,皇庭国际,89562600.0,1350500.0,256800.0,1093700.0,89562600.0
sh603712,七一二,234000000.0,5010700.0,3922900.0,1087800.0,242000000.0
sz300989,蕾奥规划,65451600.0,9002000.0,7915300.0,1086700.0,65492600.0
sh600805,悦达投资,174000000.0,1656500.0,574800.0,1081700.0,174000000.0
sh688389,普门科技,68669600.0,2798000.0,1717600.0,1080300.0,72512900.0
sh688352,颀中科技,77724300.0,3443200.0,2370000.0,1073200.0,83694400.0
sz000928,中钢国际,270000000.0,24795500.0,23722700.0,1072800.0,281000000.0
sz000758,中色股份,549000000.0,7717500.0,6646100.0,1071500.0,551000000.0
sz000665,湖北广电,185000000.0,4186000.0,3123200.0,1062800.0,192000000.0
sz300767,震安科技,217000000.0,7613099.999999999,6553500.0,1059600.0,220000000.00000003
sh600661,昂立教育,166000000.0,2289000.0,1229800.0,1059200.0,166000000.0
sh600094,大名城,605000000.0,4890400.0,3832600.0,1057700.0,605000000.0
sz300183,东软载波,297000000.0,4932900.0,3876300.0,1056600.0,314000000.0
sh688630,芯碁微装,93513100.0,4568600.0,3512900.0,1055800.0,103000000.0
sz300139,晓程科技,88354800.0,5279500.0,4231200.0,1048199.9999999999,88354800.0
sz000088,盐田港,140000000.0,1552300.0,508500.0,1043800.0,140000000.0
sh600512,腾达建设,227000000.0,4740600.0,3703700.0,1036900.0,227000000.0
sh688088,虹软科技,305000000.0,6072000.0,5037300.0,1034700.0,311000000.0
sh688213,思特威,38082800.0,2947200.0000000005,1917700.0,1029500.0,41200200.00000001
sh600855,航天长峰,242000000.0,2216100.0,1187100.0,1029000.0,243000000.00000003
sz002125,湘潭电化,249000000.00000003,6696500.0,5674400.000000001,1022099.9999999999,252000000.0
sh688090,瑞松科技,72535700.0,2923900.0,1905800.0000000002,1018199.9999999999,72535700.0
sh688448,磁谷科技,30574200.0,3151100.0,2134300.0,1016900.0,34833800.0
sz300395,菲利华,54239500.0,3058900.0,2044100.0,1014800.0,77423400.0
sh688439,振华风光,137000000.0,5188300.0,4178900.0,1009400.0,169000000.0
sh603077,和邦生物,859000000.0,7964900.0,6957400.0,1007400.0,886999999.9999999
sz301096,百诚医药,165000000.0,8860000.0,7854100.0,1005900.0,166000000.0
sh688353,华盛锂电,98588900.0,1811100.0000000002,810500.0,1000600.0,104000000.0
sz002362,汉王科技,60917600.0,11924400.0,10924000.0,1000400.0000000001,60917600.0
sh688317,之江生物,224000000.00000003,3061800.0,2061600.0,1000200.0,225999999.99999997
sh600639,浦东金桥,170000000.0,2830000.0,1830500.0,999500.0,172000000.0
sz301097,天益医疗,22807399.999999996,1596600.0,599000.0,997600.0,23089000.0
sz002653,海思科,71757900.0,1726300.0,740600.0,985699.9999999999,85559800.0
sz300331,苏大维格,138000000.0,3896300.0,2911300.0,985000.0,138000000.0
sz000592,平潭发展,388000000.0,2993600.0,2009000.0,984700.0,388000000.0
sh603279,景津装备,71077300.0,1440500.0,458600.0,981900.0,73337800.0
sz002610,爱康科技,467000000.0,5732400.0,4751800.0,980600.0,574000000.0
sz301318,维海德,31819000.0,2792200.0000000005,1814900.0,977300.0,31819000.0
832491,奥迪威,2347900.0,977200.0,0.0,977200.0,2347900.0
sh600113,浙江东日,198000000.0,5497900.0,4520900.0,977000.0,198000000.0
sh600456,宝钛股份,560000000.0,5850900.0,4877900.0,972900.0000000001,570000000.0
sh688639,华恒生物,22557800.000000004,2817200.0000000005,1844900.0,972300.0,43991700.0
sz000425,徐工机械,792000000.0,4885600.0,3913500.0,972099.9999999999,809000000.0
sh688682,霍莱沃,58697500.0,1752600.0,784700.0,967800.0,58697500.0
sz002421,达实智能,312000000.0,8131300.0,7164400.000000001,966800.0000000001,316000000.0
sh688081,兴图新科,35048700.0,2178100.0,1212200.0,965900.0,35048700.0
sh600775,南京熊猫,438999999.99999994,2017700.0,1052500.0,965200.0,441000000.0
sz002372,伟星新材,97518900.0,1154100.0,189100.0,965100.0,126000000.0
sz000959,首钢股份,336000000.0,4825600.0,3861300.0,964300.0000000001,340000000.0
sh600755,厦门国贸,718000000.0,6406000.0,5448600.0,957400.0,725000000.0
sh601200,上海环境,85926900.0,6011799.999999999,5057400.0,954400.0,89887400.0
sz300918,南山智尚,152000000.0,3297000.0,2342800.0,954200.0,152000000.0
sh603508,思维列控,113999999.99999999,2296700.0,1343800.0,952900.0000000001,113999999.99999999
sh688685,迈信林,34516700.0,2161200.0,1210500.0,950800.0,34578200.0
sh603069,海汽集团,167000000.0,5647400.0,4698700.0,948700.0,167000000.0
sz002643,万润股份,142000000.0,1945000.0,1002200.0,942900.0000000001,145000000.0
sz301151,冠龙节能,24452300.0,2024400.0,1082900.0,941500.0,24452300.0
sz002426,胜利精密,254000000.0,2980200.0,2041100.0000000002,939100.0,254000000.0
sh600566,济川药业,474000000.0,5468000.0,4530800.0,937200.0,482000000.0
sz000951,中国重汽,166000000.0,4201200.0,3266000.0,935200.0,167000000.0
sz300883,龙利得,50488000.0,1219300.0,285700.0,933600.0,50488000.0
sz002750,龙津药业,47689600.0,5666900.000000001,4737700.0,929200.0,49249399.99999999
sh600598,北大荒,497000000.0,6120100.0,5191100.0,929000.0,503000000.0
sh688190,云路股份,76542800.0,1555600.0,626800.0,928800.0,81436400.0
sz300725,药石科技,401000000.0,12293000.0,11365200.0,927800.0,417000000.0
sz000823,超声电子,430999999.99999994,3040600.0,2114700.0,925900.0,432000000.0
sh688517,金冠电气,27859899.999999996,1684700.0,774800.0,909800.0,27859899.999999996
sz002522,浙江众成,234000000.0,2831900.0,1931200.0,900699.9999999999,234000000.0
sh600098,广州发展,479000000.0,3193100.0,2295100.0,898000.0,487000000.0
sh688286,敏芯股份,111000000.00000001,1165100.0,272300.0,892900.0000000001,122000000.0
sz002985,北摩高科,276000000.0,4458900.0,3568900.0,890000.0,297000000.0
sh688045,必易微,43175500.0,1387600.0,497900.0,889700.0,43175500.0
sh688018,乐鑫科技,163000000.0,2547600.0,1662400.0,885200.0,174000000.0
sh688084,晶品特装,19275700.0,1803600.0000000002,924000.0,879700.0,20352200.0
sh688631,莱斯信息,13866400.000000002,3408100.0,2530200.0,877900.0000000001,16211000.0
sz300328,宜安科技,234000000.0,2248000.0,1371500.0,876600.0,235000000.0
sh600578,京能电力,225000000.0,2863900.0,1987400.0,876500.0,227000000.0
sz300964,本川智能,74920000.0,3112300.0,2244600.0,867700.0,74920000.0
sh600236,桂冠电力,113999999.99999999,1718700.0,855800.0,862800.0,132000000.0
sh600163,中闽能源,239000000.0,2541900.0,1679900.0,862099.9999999999,252999999.99999997
sz002681,奋达科技,285000000.0,6255000.0,5393400.0,861700.0,299000000.0
sh601218,吉鑫科技,174000000.0,1292800.0,435900.00000000006,856900.0,174000000.0
sz301300,远翔新材,17076900.0,1252100.0,395400.0,856800.0000000001,17076900.0
sz301396,宏景科技,68924700.0,15214100.0,14359600.0,854500.0,68924700.0
sh688663,新风光,152000000.0,1657500.0,805200.0,852300.0,152000000.0
sz300012,华测检测,252000000.0,5884500.0,5032400.0,852099.9999999999,289000000.0
sz301040,中环海陆,78714100.0,2047700.0,1196100.0,851500.0,78714100.0
sh688620,安凯微,62456700.0,5226400.0,4377000.0,849400.0,64819900.0
sz301132,满坤科技,59620000.0,6096200.0,5247600.0,848600.0,59620000.0
sh688189,南新制药,109000000.00000001,1413000.0,568100.0,844800.0,109000000.00000001
sh603803,瑞斯康达,146000000.0,1242600.0,402100.0,840500.0,146000000.0
sz000408,藏格矿业,512000000.0,10678300.0,9839600.0,838700.0,530999999.99999994
sz301188,力诺特玻,43901400.0,8297100.0,7459600.0,837400.0,43901400.0
sz301320,豪江智能,35114700.0,5037400.0,4201300.0,836100.0,35114700.0
sh688336,三生国健,35326600.0,1560300.0,724700.0,835600.0,35382500.0
sh601727,上海电气,878999999.9999999,4402900.0,3568300.0,834599.9999999999,883000000.0
sh688231,隆达股份,86067099.99999999,1697300.0,865100.0,832200.0,87061700.0
sz002149,西部材料,192000000.0,3294800.0,2462600.0,832200.0,192000000.0
sh601555,东吴证券,1648000000.0,43623800.0,42792900.0,830800.0,1711000000.0
sh688351,微电生理,19781500.0,1868000.0,1039100.0,828900.0,62962000.0
sz301389,隆扬电子,51341500.0,2440100.0,1617000.0,823100.0,51341500.0
sz300768,迪普科技,121000000.0,1949600.0,1129200.0,820400.0000000001,122000000.0
sz301286,侨源股份,54505600.00000001,1096000.0,277600.0,818400.0,54586400.0
sh688131,皓元医药,130000000.0,3036100.0,2217800.0,818300.0,144000000.0
sz003039,顺控发展,89808700.00000001,2707900.0,1889700.0,818199.9999999999,92098300.0
sz301197,工大科雅,30672600.000000004,1826500.0,1009000.0,817500.0,30672600.000000004
sz301190,善水科技,54892800.0,2246600.0,1429700.0,817000.0,54892800.0
sh601636,旗滨集团,501000000.0,11737000.0,10921199.999999998,815800.0,511000000.00000006
sz301270,汉仪股份,57345100.0,10090800.0,9278800.0,812000.0,58252800.0
sh600225,卓朗科技,440000000.00000006,1307200.0,496500.0,810699.9999999999,445000000.0
sh600790,轻纺城,390000000.0,1846000.0,1036700.0,809300.0000000001,390000000.0
sz301037,保立佳,19965600.0,1401600.0,594000.0,807600.0,19965600.0
sz300981,中红医疗,84271200.00000001,2049199.9999999998,1242300.0,806900.0,84973900.0
sz300834,星辉环材,37486100.0,1024200.0,221000.0,803199.9999999999,37486100.0
sz300458,全志科技,727000000.0,8670300.0,7867700.0,802600.0,744000000.0
sz002611,东方精工,204000000.0,3727900.0,2926200.0,801800.0000000001,204000000.0
sh600352,浙江龙盛,1591000000.0,6140200.0,5339600.0,800600.0,1607000000.0
sz300158,振东制药,179000000.0,2185400.0,1384800.0,800600.0,180000000.0
sh600312,平高电气,292000000.0,4531000.0,3731100.0,799900.0,300000000.0
sh603612,索通发展,225999999.99999997,4790100.0,3996300.0,793900.0,229000000.0
sh688698,伟创电气,39219600.0,3318500.0,2526500.0,792099.9999999999,39347400.0
sz300928,华安鑫创,125000000.0,5658099.999999999,4866500.0,791700.0,125000000.0
sh600107,美尔雅,168000000.0,7608000.0,6817600.0,790500.0,168000000.0
sz002068,黑猫股份,142000000.0,8728000.0,7940800.0,787200.0,145000000.0
sz000598,兴蓉环境,249000000.00000003,2584600.0,1798200.0,786400.0,256000000.0
sz000682,东方电子,189000000.0,2357000.0,1571600.0,785300.0,194000000.0
sz300984,金沃股份,27104100.0,1097200.0,312500.0,784700.0,27104100.0
sz300357,我武生物,315000000.0,3750899.9999999995,2969800.0,781100.0,330000000.0
sh600053,九鼎投资,140000000.0,2111600.0,1334000.0,777600.0,140000000.0
sz301179,泽宇智能,112999999.99999999,3343600.0,2566400.0,777200.0,112999999.99999999
sh601658,邮储银行,990000000.0,14464600.0,13689300.0,775400.0000000001,999000000.0
sz301363,美好医疗,15321500.0,2771600.0000000005,1996800.0,774800.0,20551500.0
sz000731,四川美丰,419000000.00000006,6030000.0,5257100.0,772900.0000000001,420000000.0
sz000338,潍柴动力,2684000000.0,10877000.0,10108200.0,768800.0,2694000000.0
sz300099,精准信息,278000000.0,4045600.0,3277100.0,768500.0,278000000.0
sh688539,高华科技,37140400.0,1481300.0,714900.0,766500.0,41670200.00000001
sh688276,百克生物,122000000.0,2153200.0,1388100.0,765100.0,159000000.0
sh688619,罗普特,62159500.0,1051500.0,291100.0,760500.0,62159500.0
sh600380,健康元,408000000.0,4781100.0,4020700.0,760300.0,418000000.0
sz002003,伟星股份,17590600.0,1811300.0,1052300.0,759000.0,25069300.0
sh688107,安路科技,109000000.00000001,1421200.0,663400.0,757800.0,115999999.99999999
sh688386,泛亚微透,77784500.0,1194100.0,437900.0,756200.0,77784500.0
sh688321,微芯生物,313000000.0,8313099.999999999,7557600.0,755500.0,322000000.0
sz300613,富瀚微,243000000.00000003,5837100.0,5082100.0,755100.0,245000000.00000003
sh688383,新益昌,98014900.0,2908200.0,2157200.0,751000.0,99538300.0
sz000850,华茂股份,79033000.0,3365400.0,2616500.0,748800.0,79046400.0
sz301055,张小泉,41598400.0,1373700.0,625700.0,748000.0,41598400.0
sz002909,集泰股份,75775600.0,1079800.0,332100.0,747700.0,75775600.0
sz301128,强瑞技术,66116800.0,1456900.0,711500.0,745400.0000000001,66116800.0
sz300003,乐普医疗,1134000000.0,8538700.0,7797300.0,741300.0,1150000000.0
sh688433,华曙高科,42821899.99999999,1436699.9999999998,696000.0,740699.9999999999,49854399.99999999
sz002061,浙江交科,165000000.0,2956200.0,2216800.0,739400.0,169000000.0
sz000768,中航西飞,2832000000.0,11044900.0,10306300.000000002,738600.0,2842000000.0
sh688067,爱威科技,46069900.0,982800.0,244600.0,738100.0,46069900.0
sh688788,科思科技,104000000.0,1447600.0,710600.0,737000.0,104000000.0
sz000931,中关村,234000000.0,1430400.0,693600.0,736800.0000000001,234000000.0
sh600535,天士力,501999999.99999994,3007900.0,2271200.0,736700.0,511000000.00000006
sh688248,南网科技,164000000.0,2376400.0,1640600.0,735800.0,173000000.0
sh603989,艾华集团,110000000.00000001,1422400.0,691500.0,731000.0,111000000.00000001
sh600116,三峡水利,623000000.0,2483700.0,1753300.0000000002,730400.0000000001,628000000.0
sz002938,鹏鼎控股,472000000.0,6122600.0,5392500.0,730000.0,476999999.99999994
sz300987,川网传媒,79353200.0,5568900.0,4840100.0,728700.0,95537099.99999999
sz000016,深康佳Ａ,714000000.0,2260000.0,1531500.0,728500.0,721000000.0
sz002135,东南网架,124000000.0,1890500.0,1166500.0,724100.0,125000000.0
sh603355,莱克电气,206000000.0,1707800.0,984100.0,723700.0,212000000.0
sz002601,龙佰集团,851000000.0,5734500.0,5013600.0,720900.0,876000000.0
sz300320,海达股份,133000000.0,2147200.0,1429600.0,717500.0,133000000.0
sh603126,中材节能,134000000.00000001,2043200.0,1325900.0,717200.0,134000000.00000001
sz000910,大亚圣象,152000000.0,1055500.0,338500.0,717000.0,152000000.0
sh601702,华峰铝业,49793300.0,6165500.0,5451500.0,714100.0,60669000.0
sh688335,复洁环保,31756400.0,2024000.0,1310600.0,713400.0,31756400.0
sh688403,汇成股份,77292800.0,2340900.0,1628500.0,712400.0,81675500.0
sh603596,伯特利,96183900.0,7933700.0,7222700.0,711100.0,651000000.0
sh688369,致远互联,62959200.0,1131200.0,420900.00000000006,710300.0,62959200.0
sh688004,博汇科技,72353300.0,2355600.0,1645800.0000000002,709800.0,72353300.0
sh688030,山石网科,60566899.99999999,1413400.0,704400.0,709000.0,60566899.99999999
sh688019,安集科技,162000000.0,4228500.0,3519900.0,708500.0,265000000.0
sz301036,双乐股份,23122900.0,907300.0,199200.00000000003,708100.0,23122900.0
sh600965,福成股份,112999999.99999999,966700.0,258600.0,708100.0,112999999.99999999
sz300382,斯莱克,200999999.99999997,3199800.0,2491800.0,708000.0,202000000.0
sh688306,均普智能,76842200.0,2487600.0,1781300.0,706300.0,78097900.0
sh600694,大商股份,300000000.0,1896699.9999999998,1190400.0,706300.0,301000000.0
sh600428,中远海特,404000000.0,3788300.0,3082799.9999999995,705600.0,405999999.99999994
sh688499,利元亨,217000000.0,2742000.0,2039600.0,702400.0,222000000.00000003
sz300879,大叶股份,43017299.99999999,2796700.0,2094500.0,702200.0,43017299.99999999
sz300006,莱美药业,131000000.0,1970600.0,1270000.0,700699.9999999999,131000000.0
sz301103,何氏眼科,53855900.0,2628399.9999999995,1928600.0000000002,699800.0,74666500.0
sz002047,宝鹰股份,307000000.0,1210400.0,514200.0,696200.0,307000000.0
sh600763,通策医疗,1386000000.0,16502300.0,15808800.000000002,693500.0,1410000000.0
sh688041,海光信息,801000000.0,38354500.0,37661300.0,693199.9999999999,1027000000.0
sz000898,鞍钢股份,315000000.0,3395800.0,2704200.0,691600.0,326000000.0
sh688531,日联科技,63824200.0,2738600.0,2048100.0,690500.0,71024400.0
sh601678,滨化股份,662000000.0,3974800.0,3286900.0,687800.0,665000000.0
sh600448,华纺股份,81597000.0,1581699.9999999998,903600.0,678100.0,81597000.0
sh603609,禾丰股份,133000000.0,1937700.0,1260300.0,677400.0,135000000.0
sz301399,英特科技,52883400.0,7800300.0,7123300.0,677000.0,52883400.0
sh600696,岩石股份,78263100.0,1052400.0,377500.0,674900.0,78763000.0
sh601766,中国中车,1895000000.0,7819900.0,7149500.0,670400.0000000001,1905000000.0
sz000678,襄阳轴承,46915800.0,3453300.0,2783000.0,670300.0,46915800.0
sz301177,迪阿股份,94716000.0,2461800.0,1794100.0,667800.0,95591800.0
sh601163,三角轮胎,148000000.0,1634700.0,971200.0,663600.0,148000000.0
sz300885,海昌新材,34798400.0,1105900.0,442500.0,663400.0,34798400.0
sz301336,趣睡科技,28639800.0,2276800.0,1614800.0,662099.9999999999,28639800.0
sz002318,久立特材,131000000.0,1454800.0,792900.0000000001,661900.0,135000000.0
sz300497,富祥药业,244000000.0,5197500.0,4536200.0,661300.0,248000000.0
sz300712,永福股份,169000000.0,1459300.0,801500.0,657800.0,173000000.0
sz300971,博亚精工,31457700.0,1074100.0,416900.0,657200.0,31457700.0
sz300955,嘉亨家化,59415700.0,1764800.0,1110400.0,654300.0000000001,59415700.0
sz000058,深赛格,56990700.0,1260000.0,607300.0,652700.0,57258800.0
sz002517,恺英网络,490000000.00000006,16368800.000000002,15716400.000000002,652400.0,551000000.0
sz300143,盈康生命,93504000.0,1711500.0,1059600.0,651800.0000000001,93700200.0
sz300477,合纵科技,117000000.0,1246800.0,596400.0,650400.0000000001,120000000.0
sz002097,山河智能,120000000.0,3056700.0,2408300.0,648500.0,121000000.0
sh603927,中科软,294000000.0,4668700.0,4021400.0,647300.0,302000000.0
sh688015,交控科技,61696200.0,1882500.0,1237300.0,645200.0,61696200.0
sz002165,红宝丽,66636800.0,1364300.0,720300.0,644000.0,66636800.0
sz300991,创益通,44307200.0,1601300.0,959700.0,641600.0,44307200.0
sh688035,德邦科技,103000000.0,3707700.0,3067300.0,640400.0000000001,117000000.0
sz002198,嘉应制药,271000000.0,1451300.0,812600.0,638600.0,271000000.0
sz000403,派林生物,447000000.0,3885400.0,3247200.0000000005,638200.0,451000000.0
sz301391,卡莱特,22330500.0,2486300.0,1848899.9999999998,637400.0,23451200.0
sz000877,天山股份,353000000.0,1394300.0,759700.0,634600.0,368000000.0
sz301078,孩子王,204999999.99999997,2829400.0,2194900.0,634400.0,299000000.0
sz002328,新朋股份,166000000.0,3144300.0,2511500.0,632800.0,166000000.0
sz002254,泰和新材,425000000.0,3357500.0,2726900.0,630700.0,426999999.99999994
sh688679,通源环境,24702900.0,1445000.0,814800.0,630100.0,24702900.0
sz301047,义翘神州,192000000.0,2138300.0,1508600.0000000002,629700.0,202999999.99999997
sh600761,安徽合力,183000000.0,1431200.0,803000.0,628300.0,193000000.0
sz300174,元力股份,429000000.0,3694200.0,3071600.0000000005,622500.0,430999999.99999994
sh688247,宣泰医药,35438500.0,1866900.0,1247300.0,619600.0,42514300.0
sz301488,豪恩汽电,86761400.0,26013800.0,25398200.0,615600.0,150000000.0
sh688681,科汇股份,48418100.00000001,1343500.0,728500.0,615000.0,62914799.99999999
sh688252,天德钰,30276300.0,1346699.9999999998,733700.0,613000.0,30276300.0
sz301053,远信工业,19249500.0,4294100.0,3683300.0,610800.0,19249500.0
sz002029,七匹狼,365000000.0,1929500.0,1319400.0,610100.0,365000000.0
sz002046,国机精工,76474600.0,2777600.0,2168600.0,609000.0,77180900.0
sz002997,瑞鹄模具,69113100.0,10818100.0,10209300.0,608800.0,124000000.0
sh688660,电气风电,316000000.0,1545300.0,937000.0,608300.0,318000000.0
sh688328,深科达,43898300.0,1796000.0,1192900.0,603100.0,44104600.0
sh603010,万盛股份,65211000.0,1704500.0,1101600.0,603000.0,66576400.0
sz301259,艾布鲁,43794300.0,9769000.0,9169000.0,600000.0,44161400.0
sh688599,天合光能,1623999999.9999998,11429800.0,10830400.0,599400.0,1894000000.0000002
sh688435,英方软件,38636800.0,4742400.0,4144600.0,597900.0,50468400.0
sz301000,肇民科技,68495800.0,729800.0,134900.0,594800.0,68495800.0
sh688331,荣昌生物,37185100.0,1471900.0,879300.0000000001,592700.0,278000000.0
sh605090,九丰能源,100000000.0,7918099.999999999,7332100.0,586000.0,106000000.0
sh600963,岳阳林纸,646000000.0,2716900.0,2131800.0,585200.0,648000000.0
sz301057,汇隆新材,38942500.0,1844300.0,1260400.0,583800.0,38942500.0
sh603225,新凤鸣,74338500.0,1405800.0000000002,824599.9999999999,581200.0,84632300.0
sh600403,大有能源,49303200.0,1125100.0,546000.0,579100.0,49803200.0
sh601006,大秦铁路,935000000.0,3402300.0,2823399.9999999995,579000.0,1481000000.0
sz002635,安洁科技,265000000.0,2722000.0,2144100.0,577900.0,267000000.0
sh600673,东阳光,1038000000.0000001,1031000.0,455500.0,575500.0,1052000000.0
sh600995,南网储能,175000000.0,3673300.0,3098900.0,574400.0,177000000.0
sz300909,汇创达,63010900.0,1168400.0,595500.0,572900.0,63010900.0
sz300950,德固特,77155600.0,2547600.0,1976600.0,570900.0,77155600.0
sh688117,圣诺生物,86194500.0,12043500.0,11476300.000000002,567200.0,94332400.0
sz300157,恒泰艾普,132000000.0,913800.0,347700.00000000006,566100.0,132000000.0
sz000860,顺鑫农业,371000000.0,6642900.0,6077500.0,565400.0,377000000.0
sz300994,久祺股份,70747700.0,2299500.0,1734900.0,564600.0,70945000.0
sh600875,东方电气,824000000.0,3650299.9999999995,3085800.0,564500.0,833000000.0
sz002294,信立泰,713000000.0,7012900.0,6449299.999999999,563600.0,726000000.0
sz301071,力量钻石,326000000.0,4474100.0,3911800.0,562300.0,338000000.0
sh601816,京沪高铁,1922000000.0,6927900.0,6368400.0,559400.0,1926000000.0000002
sz301212,联盛化学,45249500.0,2299500.0,1740100.0,559400.0,45249500.0
sz301209,联合化学,29684000.0,3111800.0,2554300.0,557500.0,29684000.0
sh600477,杭萧钢构,373000000.0,3810299.9999999995,3256300.0,554000.0,378000000.0
sh688052,纳芯微,171000000.0,3931500.0,3377900.0,553600.0,268000000.00000003
sh603051,鹿山新材,107000000.0,1865700.0,1312200.0,553600.0,118000000.0
sh688307,中润光学,45610500.0,2305500.0,1755100.0,550400.0,50752400.0
sh600126,杭钢股份,463999999.99999994,1819800.0,1269900.0,549900.0,467000000.0
sh600221,海航控股,351000000.0,1843500.0,1294500.0,549000.0,352000000.0
sh600177,雅戈尔,484000000.0,2322700.0,1774700.0,548000.0,505000000.0
sh688115,思林杰,44426600.0,3668000.0,3120500.0,547500.0,44670400.0
sz002419,天虹股份,142000000.0,3413000.0,2866500.0,546500.0,145000000.0
sz300044,赛为智能,89067900.00000001,2692000.0,2145800.0,546200.0,89067900.00000001
sh603867,新化股份,306000000.0,12113500.0,11568400.0,545100.0,306000000.0
sz002409,雅克科技,553000000.0,11897700.0,11358800.000000002,538900.0,578000000.0
sh688718,唯赛勃,72248700.0,1038700.0,501500.0,537200.0,72248700.0
sz300765,新诺威,195000000.0,4384000.0,3847300.0,536600.0,202000000.0
sz002285,世联行,191000000.0,1098800.0,562300.0,536600.0,191000000.0
sh688655,迅捷兴,41474399.99999999,994599.9999999999,458100.0,536600.0,41474399.99999999
sh688586,江航装备,168000000.0,7196000.0,6660500.0,535600.0,216000000.0
sh600267,海正药业,755000000.0,8389400.0,7854800.0,534600.0,757000000.0
sh600391,航发科技,376000000.0,5773700.0,5240200.0,533500.0,382000000.0
sz300263,隆华科技,269000000.0,13001400.000000002,12468599.999999998,532800.0,272000000.0
sz000031,大悦城,224000000.00000003,2016800.0,1485000.0,531700.0,231000000.0
sh601058,赛轮轮胎,471000000.0,2713100.0,2181700.0,531400.0,614000000.0
sh688238,和元生物,178000000.0,1829199.9999999998,1301699.9999999998,527500.0,224000000.00000003
sz301206,三元生物,275000000.0,1874199.9999999998,1349700.0,524500.0,276000000.0
sh600667,太极实业,619000000.0,9204600.0,8683800.0,520800.0,632000000.0
sh600218,全柴动力,455000000.0,1036700.0,516500.0,520200.00000000006,455000000.0
sz002959,小熊电器,30677800.000000004,1546399.9999999998,1026600.0,519799.99999999994,33407500.0
sz300053,航宇微,580000000.0,13974700.0,13458699.999999998,516100.0,580000000.0
sz002219,新里程,343000000.0,840900.0,325600.0,515400.0,346000000.0
sz000717,中南股份,195000000.0,1221500.0,708400.0,513100.0,199000000.0
sh688310,迈得医疗,29528000.0,921600.0,408900.0,512700.00000000006,29528000.0
sz000524,岭南控股,119000000.0,1343899.9999999998,831800.0000000001,512100.0,119000000.0
sz002915,中欣氟材,181000000.0,1284100.0,773400.0,510700.0,181000000.0
835305,云创数据,4682300.0,514600.0,4300.0,510300.0,4682300.0
sh603883,老百姓,125000000.0,3039000.0,2530900.0,508100.0,131000000.0
sz301196,唯科科技,43748500.0,1066100.0,558300.0,507800.0,43748500.0
sz300393,中来股份,576000000.0,8282700.0,7775000.0,507700.00000000006,606000000.0
sz002369,卓翼科技,167000000.0,1077700.0,570600.0,507000.0,167000000.0
sh600728,佳都科技,934000000.0,7251500.0,6744600.0,507000.0,934000000.0
sh601116,三江购物,169000000.0,6538700.0,6032000.0,506700.0,170000000.0
sh600195,中牧股份,225999999.99999997,5900200.0,5393700.0,506599.99999999994,229999999.99999997
sh688246,嘉和美康,134000000.00000001,864100.0,357600.0,506500.0,193000000.0
sz300979,华利集团,63128300.0,1912100.0,1409400.0,502700.00000000006,83258400.0
sz000061,农产品,204000000.0,2478800.0,1977400.0,501300.0,204999999.99999997
sh603628,清源股份,67509100.0,873100.0,371900.0,501200.0,67509100.0
sz000852,石化机械,148000000.0,2560700.0,2065400.0,495300.0,148000000.0
sh600278,东方创业,204000000.0,5332300.0,4840400.0,491900.0,204000000.0
sz002346,柘中股份,46617700.00000001,1006600.0,515800.0,490800.0,46617700.00000001
sh688536,思瑞浦,448000000.00000006,3718399.9999999995,3231800.0,486700.0,613000000.0
sz301100,风光股份,44550600.00000001,626900.0,143500.0,483400.00000000006,44550600.00000001
sh601388,怡球资源,200000000.0,2002900.0,1520200.0,482700.00000000006,202000000.0
sh601137,博威合金,209000000.0,5023700.0,4541400.0,482299.99999999994,210000000.0
sh603345,安井食品,219000000.0,5597800.0,5120100.0,477700.00000000006,231000000.0
sh688429,时创能源,21489899.999999996,3320299.9999999995,2849700.0000000005,470600.0,31764200.0
sz301002,崧盛股份,45324799.99999999,1308800.0,838300.0,470400.0,45324799.99999999
sh688656,浩欧博,24367900.0,1128800.0,659100.0,469700.0,24367900.0
sh688167,炬光科技,337000000.0,7489500.0,7020500.0,469000.0,466000000.0
sz301182,凯旺科技,28004100.0,655400.0000000001,186600.0,468800.0,28004100.0
sz000755,山西路桥,47211800.0,1537700.0,1070500.0,467200.0,47385000.0
sh603050,科林电气,204000000.0,2845500.0,2378700.0,466800.0,204000000.0
sh600458,时代新材,256999999.99999997,2234600.0,1770400.0,464200.0,259000000.0
sz000936,华西股份,576000000.0,54795000.0,54330800.0,464200.0,576000000.0
sz002293,罗莱生活,186000000.0,1876300.0,1412900.0,463400.00000000006,186000000.0
sz301319,唯特偶,23944000.0,1127400.0,665699.9999999999,461700.0,23944000.0
sz002256,兆新股份,65860000.0,2053100.0,1591600.0,461500.0,78568000.0
sz300965,恒宇信通,22771400.0,3824400.0,3362900.0,461500.0,22771400.0
sz002897,意华股份,156000000.0,3563800.0,3104600.0,459200.0,156000000.0
sh688178,万德斯,25119699.999999996,1354300.0,895400.0000000001,459000.0,25119699.999999996
sz002375,亚厦股份,153000000.0,2712900.0,2254000.0,458900.0,154000000.0
sz301388,欣灵电气,48737600.0,3336200.0,2879700.0000000005,456500.0,48737600.0
sh601298,青岛港,115999999.99999999,1244500.0,789800.0,454700.0,119000000.0
sh603290,斯达半导,653000000.0,6876799.999999999,6430200.0,446599.99999999994,681000000.0
sh688085,三友医疗,57117200.0,2270000.0,1825000.0,445000.0,82639100.0
sh688020,方邦股份,92280200.0,990100.0,546300.0,443800.0,101000000.0
sz000536,华映科技,85813600.0,3352600.0,2909500.0,443200.0,85813600.0
sh688621,阳光诺和,165000000.0,1735700.0,1295600.0,440100.0,170000000.0
sz300278,华昌达,256000000.0,4866900.0,4427500.0,439400.0,256000000.0
sh600692,亚通股份,132000000.0,779000.0,339900.0,439099.99999999994,132000000.0
sz002160,常铝股份,49346100.0,1309700.0,871000.0,438600.0,49346100.0
sz301512,智信精密,33004600.0,6245599.999999999,5809600.0,436000.0,33028500.0
sz300429,强力新材,303000000.0,1480900.0,1045699.9999999999,435200.00000000006,303000000.0
sz002092,中泰化学,1019000000.0,11571800.0,11137300.0,434600.0,1036000000.0
sh688475,萤石网络,108000000.0,4773500.0,4340400.0,433100.0,120000000.0
sz002843,泰嘉股份,64692000.0,1344100.0,915600.0,428500.0,64872700.00000001
sh688079,美迪凯,63708700.0,1489100.0,1060900.0,428300.0,65741800.0
sz000973,佛塑科技,260000000.0,3574000.0,3146000.0,428000.0,260000000.0
sh603707,健友股份,135000000.0,2995800.0,2569400.0,426500.0,139000000.0
sh601002,晋亿实业,238000000.0,1411699.9999999998,990200.0,421500.0,238000000.0
sh688257,新锐股份,24395500.0,864000.0,446200.0,417800.0,25844300.0
sh600764,中国海防,219000000.0,4427000.0,4009500.0,417500.0,223000000.0
sh600199,金种子酒,754000000.0,6759400.000000001,6343400.0,416000.0,834000000.0
sh600989,宝丰能源,730000000.0,4193900.0,3780500.0,413400.00000000006,731000000.0
sz301273,瑞晨环保,20484800.0,6108700.0,5696300.0,412400.0,20484800.0
sz300905,宝丽迪,39817700.0,2256900.0,1847800.0,409000.0,39817700.0
sh600255,鑫科材料,74900800.0,1053200.0,646500.0,406700.0,74900800.0
sh688793,倍轻松,48439000.0,781900.0,381599.99999999994,400300.0,48468600.0
sh688819,天能股份,166000000.0,1379199.9999999998,979700.0,399500.0,197000000.0
sh603377,东方时尚,64707000.0,1114000.0,717900.0000000001,396200.0,64830100.0
sh603626,科森科技,99903900.0,2073800.0,1678700.0,395100.0,99903900.0
sh688280,精进电动,61180300.0,1355500.0,960800.0,394700.0,71200900.0
sh688607,康众医疗,46432600.0,743100.0,349200.0,393800.0,46432600.0
sh603681,永冠新材,152000000.0,1524500.0,1131400.0,393100.0,152000000.0
sh688227,品高股份,35075900.0,2607300.0,2214300.0,393000.0,40953200.0
sz002393,力生制药,219000000.0,12139400.0,11746400.000000002,393000.0,219000000.0
sh688011,新光光电,42958300.0,619800.0,227900.0,391800.0,42958300.0
sh688013,天臣医疗,18541500.0,539900.0,151200.0,388800.0,18541500.0
sh603301,振德医疗,43854900.0,1349800.0,963600.0,386200.0,44540100.0
sz002080,中材科技,583000000.0,8739500.0,8353400.0,386000.0,595000000.0
sz002506,协鑫集成,1129000000.0,6433700.0,6053600.0,380000.0,1183000000.0
sh688380,中微半导,137000000.0,4214000.0,3834200.0,379799.99999999994,152000000.0
sh603078,江化微,150000000.0,12455600.0,12077800.0,377800.0,155000000.0
sh601199,江南水务,422000000.0,10979400.0,10601800.0,377600.0,423000000.00000006
sh600017,日照港,252999999.99999997,3049300.0,2672799.9999999995,376599.99999999994,254000000.0
sh603758,秦安股份,25300600.0,932400.0,556000.0,376400.0,25300600.0
sh600469,风神股份,77835200.0,1472900.0,1098000.0,375000.0,77835200.0
sz300244,迪安诊断,453000000.0,5404600.0,5030600.0,374000.0,462000000.0
sh600863,内蒙华电,321000000.0,17130600.0,16756900.0,373700.0,331000000.0
sh603358,华达科技,278000000.0,1714400.0,1341100.0000000002,373200.0,278000000.0
sh688181,八亿时空,84063100.0,1355700.0,983400.0,372299.99999999994,86344599.99999999
sh600373,中文传媒,229000000.0,7360500.0,6989100.0,371400.0,238000000.0
sh600287,江苏舜天,65754600.0,1521399.9999999998,1150500.0,370900.00000000006,65755100.0
sz300881,盛德鑫泰,32899000.0,1482000.0,1112800.0,369200.0,34560200.0
sz002303,美盈森,133000000.0,2889000.0,2520100.0,368900.0,133000000.0
sh603663,三祥新材,138000000.0,1033199.9999999999,668700.0,364400.0,138000000.0
sh600831,广电网络,295000000.0,4031100.0,3668000.0,363100.0,298000000.0
sz300125,聆达股份,337000000.0,656700.0,295700.0,361000.0,337000000.0
sz002507,涪陵榨菜,523000000.00000006,4960700.0,4600200.0,360500.0,536000000.00000006
sh688129,东来技术,27133200.0,520800.0,160600.0,360300.0,27133200.0
sh688622,禾信仪器,44371200.0,1718899.9999999998,1359100.0,359799.99999999994,45804500.0
sh600010,包钢股份,1773999999.9999998,40596800.0,40243600.0,353200.0,1796000000.0
sh688109,品茗科技,44987800.0,1709199.9999999998,1357000.0,352100.0,44987800.0
sh600337,美克家居,97701000.0,4520300.0,4169500.0,350800.0,97743200.0
sh600848,上海临港,215000000.0,1541600.0,1194300.0,347200.0,225000000.0
sz300077,国民技术,227000000.0,2748900.0,2405100.0,343800.0,229999999.99999997
sz002483,润邦股份,95637300.0,1567800.0,1224300.0,343500.0,95637300.0
sh600060,海信视像,233000000.0,1822400.0,1479500.0,342800.0,252000000.0
sz300191,潜能恒信,305000000.0,979599.9999999999,637100.0,342500.0,307000000.0
sz002194,武汉凡谷,193000000.0,2266500.0,1926399.9999999998,340100.0,194000000.0
sh600011,华能国际,254000000.0,6119200.0,5779500.0,339700.0,297000000.0
sh600685,中船防务,422000000.0,12562100.0,12223000.0,339099.99999999994,440000000.00000006
sh688010,福光股份,118000000.0,1071500.0,732600.0,338900.0,118000000.0
sh600676,交运股份,157000000.0,1518200.0,1179900.0,338300.0,157000000.0
sz000012,南玻Ａ,466000000.0,3416500.0,3079000.0,337500.0,472000000.0
sz000736,中交地产,204000000.0,14903500.0,14566099.999999998,337500.0,210000000.0
sz000708,中信特钢,167000000.0,1103000.0,768400.0,334600.0,170000000.0
sz002234,民和股份,236000000.0,2130200.0,1795700.0,334500.0,237000000.0
sh688428,诺诚健华,52140600.00000001,1379500.0,1045300.0,334300.0,78190900.0
sh688686,奥普特,99855100.0,2286800.0,1955400.0,331300.0,104000000.0
sh688299,长阳科技,182000000.0,2355800.0,2025000.0,330700.0,182000000.0
sh600192,长城电工,99367200.0,967500.0,637800.0,329700.0,99367200.0
sh600340,华夏幸福,348000000.0,2744900.0,2415200.0,329700.0,352000000.0
sh600133,东湖高新,336000000.0,9837000.0,9507500.0,329500.0,337000000.0
sh688330,宏力达,152000000.0,1908000.0,1580000.0,328000.0,153000000.0
sz301043,绿岛风,28481000.0,1180900.0,853199.9999999999,327700.00000000006,28481000.0
sz300990,同飞股份,43803700.0,2495600.0,2168100.0,327500.0,43803700.0
sh600681,百川能源,40203100.0,3930299.9999999995,3603900.0,326300.0,102000000.0
sz301111,粤万年青,43652100.0,3542799.9999999995,3217000.0,325800.0,47755300.0
sz300415,伊之密,94854700.0,3318600.0,2993800.0,324799.99999999994,103000000.0
sh688289,圣湘生物,227000000.0,958500.0,634400.0,324099.99999999994,241000000.0
sz002104,恒宝股份,383000000.0,10200600.0,9877200.0,323400.00000000006,383000000.0
sh603636,南威软件,450000000.0,8634800.0,8312300.0,322500.0,451000000.0
sh600273,嘉化能源,1240000000.0,3037000.0,2715800.0,321200.0,1247000000.0
sz301095,广立微,118000000.0,5218800.0,4898100.0,320800.0,122000000.0
sh688296,和达科技,20868000.0,753900.0,435300.0,318600.0,20868000.0
sh688628,优利德,62200000.0,2528800.0,2211900.0,316900.0,62200000.0
sh600210,紫江企业,377000000.0,1356399.9999999998,1041500.0,314900.0,379000000.0
sh603039,泛微网络,105000000.0,634400.0,320800.0,313600.0,105000000.0
sz300333,兆日科技,137000000.0,13986400.000000002,13673300.0,313100.0,137000000.0
sh688139,海尔生物,189000000.0,2725700.0,2417800.0,307800.0,216000000.0
sh688132,邦彦技术,47920200.00000001,1233700.0,931700.0,301900.0,50818600.0
sh603916,苏博特,57008800.0,2640500.0,2340800.0,299600.0,58208300.0
sz301301,川宁生物,83797000.0,3383200.0,3085100.0,298200.0,85923400.0
sh688314,康拓医疗,61755700.0,983500.0,687099.9999999999,296500.0,61755700.0
sh688095,福昕软件,81227900.0,2454500.0,2158000.0,296500.0,81415000.0
sz002850,科达利,84018900.0,1956500.0,1660800.0000000002,295700.0,469000000.00000006
sz300034,钢研高纳,186000000.0,4343800.0,4048800.0,295000.0,190000000.0
sh688165,埃夫特,60492200.0,3256300.0,2965100.0,291300.0,67303900.0
sz002308,威创股份,231000000.0,1579300.0,1289100.0,290200.0,231000000.0
sh601992,金隅集团,545000000.0,5439700.0,5150100.0,289600.0,568000000.0
sz301098,金埔园林,34569100.0,3081500.0,2792600.0,288900.0,34569100.0
sh688668,鼎通科技,58206000.0,2860500.0,2572000.0,288500.0,58613700.0
sz002489,浙江永强,200000000.0,4460500.0,4176800.0,283600.0,272000000.0
sh688147,微导纳米,44529000.0,2827100.0,2544700.0,282400.0,53171400.0
sh600644,乐山电力,64010100.0,812600.0,530400.0,282300.0,64131000.0
sh688372,伟测科技,37576600.0,3017500.0,2735400.0,282100.0,57092900.0
sz000792,盐湖股份,2777000000.0,26555500.0,26273800.0,281700.0,2814000000.0
sh688236,春立医疗,36054900.0,916800.0000000001,635700.0,281100.0,40957000.0
sz301059,金三江,38631700.0,769500.0,488600.0,280900.0,38631700.0
sz300048,合康新能,206000000.0,1273300.0,993400.0,279900.0,206000000.0
sh688488,艾迪药业,81018400.0,1043000.0,765400.0000000001,277500.0,111000000.00000001
sz301108,洁雅股份,47979799.99999999,450800.0,173600.0,277100.0,47979799.99999999
sz000048,京基智农,199000000.0,2314300.0,2037300.0,277100.0,200999999.99999997
sh688175,高凌信息,25050200.0,497800.0,221200.0,276700.0,25050200.0
sz301222,浙江恒威,36094800.0,1375800.0000000002,1099300.0,276500.0,36094800.0
sz000530,冰山冷热,86452000.0,2429300.0,2154700.0,274500.0,86452000.0
sz002026,山东威达,98547500.0,2324600.0,2051200.0,273400.0,99313100.0
sh688350,富淼科技,63695500.0,2652200.0000000005,2379900.0,272300.0,63695500.0
sz300351,永贵电器,125000000.0,3757300.0,3485400.0,271900.0,176000000.0
sz002606,大连电瓷,124000000.0,1377900.0,1107400.0,270500.0,124000000.0
sh601801,皖新传媒,235000000.0,5777000.0,5508500.0,268400.0,237000000.0
sz001979,招商蛇口,471000000.0,10178400.0,9912200.0,266200.0,726000000.0
sh603990,麦迪科技,308000000.0,5576300.0,5313300.0,263000.0,308000000.0
sz300249,依米康,192000000.0,6692900.0,6432600.0,260400.0,192000000.0
sh688420,美腾科技,36944100.0,953600.0,693900.0,259800.0,41627400.0
sz002810,山东赫达,108000000.0,1402900.0,1143600.0,259200.00000000003,109000000.00000001
sz301379,天山电子,50754100.0,6739000.0,6480200.0,258800.0,50754100.0
sh688602,康鹏科技,48490100.0,6489900.0,6236500.0,253400.0,53521100.0
sh600368,五洲交通,80861500.0,2391100.0,2141300.0,249800.0,80905700.0
sz300348,长亮科技,484999999.99999994,15123400.0,14874100.0,249300.0,491000000.0
sz002110,三钢闽光,206000000.0,808100.0,560800.0,247300.0,209000000.0
sz301069,凯盛新材,168000000.0,1241800.0,995100.0,246600.0,169000000.0
sh600552,凯盛科技,559000000.0,10553800.000000002,10307600.0,246200.0,560000000.0
sz002009,天奇股份,121000000.0,1844900.0,1600900.0,244100.0,122000000.0
sz002729,好利科技,137000000.0,2085900.0,1843899.9999999998,241900.0,137000000.0
sz002043,兔宝宝,180000000.0,18508000.0,18268000.0,240000.0,185000000.0
sz301189,奥尼电子,52245500.0,1627300.0,1387800.0,239400.0,52245500.0
sh688001,华兴源创,139000000.0,1694700.0,1457800.0,236900.0,142000000.0
sz301149,隆华新材,55339100.0,515200.00000000006,280000.0,235200.0,55341200.0
sh688699,明微电子,161000000.0,1668700.0,1434600.0,234200.00000000003,162000000.0
sh600179,安通控股,63542400.0,2024000.0,1791200.0,232800.0,65586100.0
sz301122,采纳股份,33534400.0,902900.0000000001,672400.0,230500.0,33717900.0
sz301383,天键股份,44595500.0,2564800.0,2334900.0,229899.99999999997,44595500.0
sz000600,建投能源,160000000.0,2662700.0,2435100.0,227500.0,163000000.0
sh600367,红星发展,119000000.0,9629000.0,9401500.0,227500.0,119000000.0
sz300593,新雷能,199000000.0,9720600.0,9496200.0,224400.0,210000000.0
sh603639,海利尔,72353000.0,322500.0,101100.0,221400.0,73742300.0
sz300870,欧陆通,90443100.0,963800.0,744800.0,218900.0,90443100.0
sz000404,长虹华意,254999999.99999997,2926900.0,2708500.0,218400.0,254999999.99999997
sh600063,皖维高新,704000000.0,4050700.0,3834000.0,216700.00000000003,710000000.0
sz002803,吉宏股份,63451000.0,4572300.0,4356500.0,215799.99999999997,63451000.0
sh600649,城投控股,433000000.0,4800200.0,4585800.0,214400.0,436000000.00000006
sz300890,翔丰华,189000000.0,3549500.0,3337000.0,212600.00000000003,198000000.0
sz300679,电连技术,329000000.0,2249700.0,2038200.0,211600.0,351000000.0
sh688528,秦川物联,36309300.0,314700.0,103300.0,211400.0,36309300.0
sh603565,中谷物流,28852500.0,1303600.0000000002,1092500.0,211100.0,37771000.0
sz300878,维康药业,61905700.0,2374100.0,2164300.0,209700.0,62775200.00000001
sh688609,九联科技,180000000.0,3406100.0,3196500.0,209600.0,183000000.0
sz301113,雅艺科技,30077900.0,6163600.0,5954100.0,209500.0,30077900.0
sh601107,四川成渝,63194100.0,1636699.9999999998,1427500.0,209200.00000000003,63194100.0
sh600575,淮河能源,393000000.0,7312300.0,7104100.0,208200.0,397000000.0
sh688217,睿昂基因,63885600.00000001,1624900.0,1417300.0,207600.00000000003,68476600.0
sh688338,赛科希德,25559800.0,799200.0,594800.0,204400.0,25601300.0
sz301105,鸿铭股份,20722199.999999996,813100.0,609000.0,204100.0,20722199.999999996
sz000829,天音控股,455000000.0,2028200.0,1825000.0,203200.0,455999999.99999994
sh688077,大地熊,137000000.0,1121700.0,919000.0,202800.0,139000000.0
sz301018,申菱环境,112000000.00000001,2488500.0,2286900.0,201600.0,112000000.00000001
sz002245,蔚蓝锂芯,282000000.0,3974000.0,3772500.0,201400.0,295000000.0
sz301355,南王科技,35238000.0,11171700.0,10970700.0,201000.0,35238000.0
sz300968,格林精密,49673100.00000001,374600.0,174300.0,200300.0,49708200.0
sz000922,佳电股份,156000000.0,1427400.0,1227600.0,199800.0,158000000.0
sz300931,通用电梯,34559300.0,529800.0,330000.0,199700.0,34559300.0
sz002106,莱宝高科,352000000.0,3401400.0,3202500.0,198900.0,355000000.0
sh688135,利扬芯片,98759599.99999999,879900.0,681400.0,198500.0,98759599.99999999
sh688392,骄成超声,234000000.0,12480000.0,12282700.0,197300.0,291000000.0
sz000707,双环科技,125000000.0,8407500.0,8211300.0,196200.0,125000000.0
sh688551,科威尔,20408200.0,308300.0,112300.0,195900.0,20413900.0
sz301045,天禄科技,47678400.0,1234500.0,1041100.0,193299.99999999997,47678400.0
sh600551,时代出版,239000000.0,2465600.0,2273000.0,192700.0,239000000.0
sz301446,福事特,21237000.0,5326600.0,5134100.0,192600.00000000003,21237000.0
sh600979,广安爱众,185000000.0,4589000.0,4397700.0,191300.0,187000000.0
sz000531,穗恒运Ａ,131000000.0,572900.0,382800.0,190100.00000000003,131000000.0
sz002452,长高电新,157000000.0,1207700.0,1017900.0000000001,189700.0,157000000.0
sz002435,长江健康,115999999.99999999,3470100.0,3281500.0,188700.0,115999999.99999999
sz000157,中联重科,1364000000.0,4253500.0,4066000.0,187600.00000000003,1366000000.0
sz301187,欧圣电气,50616100.0,1430400.0,1244700.0,185700.0,50616100.0
sh601100,恒立液压,196000000.0,1994700.0,1809199.9999999998,185500.0,216000000.0
sz002641,公元股份,49259500.0,3168200.0,2983300.0,184800.0,50343200.0
sz000680,山推股份,227000000.0,1114100.0,929700.0,184400.0,227000000.0
sz002251,步步高,175000000.0,3870200.0,3687799.9999999995,182399.99999999997,175000000.0
sh603335,迪生力,60424000.0,398400.00000000006,216500.0,181900.0,60424000.0
sh605376,博迁新材,160000000.0,1399100.0,1217600.0,181500.0,163000000.0
sz002206,海利得,96459700.0,1175000.0,993900.0,181000.0,97315000.0
sh600293,三峡新材,139000000.0,642900.0000000001,462400.0,180500.0,139000000.0
sh601996,丰林集团,211000000.0,1413800.0,1233300.0,180500.0,211000000.0
sz002612,朗姿股份,99189400.0,6815599.999999999,6640000.0,175600.0,102000000.0
sz000059,华锦股份,322000000.0,2357100.0,2183200.0,173900.0,324000000.0
sh603169,兰石重装,327000000.0,3027300.0,2854400.0,173000.0,333000000.0
sh688058,宝兰德,39576000.0,798100.0,626100.0,172100.0,39576000.0
sz002706,良信股份,67987400.0,2278700.0,2107000.0,171700.00000000003,71340700.0
sh688191,智洋创新,36517300.0,2016699.9999999998,1846000.0,170700.0,39043400.0
sh603693,江苏新能,50033400.0,707300.0,537600.0,169700.0,51723400.0
sz301088,戎美股份,31611100.0,1800100.0,1631300.0,168800.0,31611100.0
sh600459,贵研铂业,353000000.0,2023500.0,1854800.0,168600.0,353000000.0
sh603181,皇马科技,57495100.0,1334500.0,1165900.0,168600.0,57495100.0
sh600956,新天绿能,32132399.999999996,331100.0,163700.0,167399.99999999997,38701200.0
sz300832,新产业,333000000.0,945900.0,779500.0,166400.0,363000000.0
sz300558,贝达药业,392000000.0,4242100.0,4076800.0,165300.0,405000000.0
sh600101,明星电力,127000000.0,1222000.0,1057300.0,164600.0,127000000.0
sh601128,常熟银行,145000000.0,5551600.0,5388400.0,163200.0,159000000.0
sh688130,晶华微,64801100.0,637700.0,476599.99999999994,161100.0,70361300.0
sh688455,科捷智能,20699200.0,1830000.0,1670200.0,159700.0,34257100.0
sz300298,三诺生物,85648300.0,1353500.0,1194700.0,158800.0,87840100.0
sz300992,泰福泵业,36134700.0,808400.0,650000.0,158400.0,36134700.0
sz301419,阿莱德,39336500.0,5844900.0,5687000.0,157900.0,39336500.0
sh688312,燕麦科技,50765500.0,499500.0,341700.0,157800.0,52051400.0
sz002478,常宝股份,71659800.0,3679600.0,3523700.0,155900.0,133000000.0
sh688136,科兴制药,66434700.0,634500.0,479500.0,155000.0,66470800.0
sz002581,未名医药,149000000.0,1142900.0,988199.9999999999,154800.0,156000000.0
sz002563,森马服饰,81201800.0,686100.0,531800.0,154300.0,84467500.0
sz300319,麦捷科技,191000000.0,2230300.0,2077200.0,153100.0,191000000.0
sh600653,申华控股,158000000.0,412800.0,260400.0,152400.0,158000000.0
sz301072,中捷精工,51082700.00000001,2382500.0,2230300.0,152200.0,51082700.00000001
sh600730,中国高科,229000000.0,1554600.0,1402800.0,151800.0,229000000.0
sh688255,凯尔达,55141100.0,697099.9999999999,546700.0,150400.0,58617900.0
sh688070,纵横股份,53067400.0,478700.0,328900.0,149800.0,53067400.0
sh603908,牧高笛,51878900.0,1294300.0,1145100.0,149200.0,52024500.0
sh688561,奇安信,691000000.0,2596600.0000000005,2447700.0,148900.0,719000000.0
sh688051,佳华科技,44357000.0,4266700.0,4118900.0,147900.0,44357000.0
sh688557,兰剑智能,56996300.0,228700.0,81900.0,146900.0,56996300.0
sz301012,扬电科技,73676100.0,3090600.0,2943800.0,146800.0,73676100.0
sz301001,凯淳股份,48161000.0,2534200.0,2389500.0,144700.0,48161000.0
sh603789,星光农机,70477200.0,715699.9999999999,571100.0,144600.0,70477200.0
sh600874,创业环保,173000000.0,5453099.999999999,5308600.0,144500.0,176000000.0
sh601588,北辰实业,227999999.99999997,708100.0,566100.0,142000.0,227999999.99999997
sz002238,天威视讯,126000000.0,1731699.9999999998,1590700.0,141100.0,126000000.0
sh600220,江苏阳光,134000000.00000001,1480000.0,1340000.0,140000.0,134000000.00000001
sh688230,芯导科技,86263900.0,870000.0,732200.0,137800.0,87621100.0
sz300735,光弘科技,292000000.0,2988200.0,2852400.0,135800.0,300000000.0
sz301186,超达装备,37048600.0,2602700.0,2467100.0,135600.0,37048600.0
sz000544,中原环保,163000000.0,16910400.0,16775100.0,135200.0,163000000.0
sz002901,大博医疗,60107900.0,813300.0,678900.0,134400.0,61468100.00000001
sh688220,翱捷科技,70038600.0,698199.9999999999,564100.0,134100.0,102000000.0
832735,德源药业,710600.0,134000.0,0.0,134000.0,710600.0
sh600595,中孚实业,157000000.0,4612500.0,4478700.0,133800.0,161000000.0
sz301227,森鹰窗业,22524699.999999996,1252200.0,1118500.0,133700.0,33213000.0
sz301006,迈拓股份,47347600.0,505400.0,373300.0,132100.0,47347600.0
sh688646,逸飞激光,23050800.0,2970600.0,2840299.9999999995,130300.0,35534300.0
sz002280,联络互动,176000000.0,3776000.0,3649100.0000000005,126900.0,176000000.0
835179,凯德石英,1628400.0,146400.0,19700.0,126800.0,1628400.0
sz002109,兴化股份,132000000.0,266700.0,140000.0,126700.0,132000000.0
sz301028,东亚机械,40748100.0,186100.0,59500.0,126600.0,40748100.0
sz300903,科翔股份,188000000.0,2332200.0,2206600.0,125600.0,188000000.0
sh600309,万华化学,1609000000.0,13055400.0,12929900.0,125600.0,1637000000.0
sh603123,翠微股份,152000000.0,3490899.9999999995,3366800.0,124100.0,157000000.0
sh688610,埃科光电,20899500.0,2557000.0,2435400.0,121600.0,21689899.999999996
835640,富士达,361000.0,120200.0,0.0,120200.0,361000.0
sh600686,金龙汽车,214000000.0,2232700.0,2113100.0,119700.0,214000000.0
sz300876,蒙泰高新,30865400.0,1239200.0,1124600.0,114500.0,30865400.0
sz002441,众业达,189000000.0,2700400.0,2586300.0,114100.0,189000000.0
sh600343,航天动力,331000000.0,1534100.0,1422100.0,112000.0,331000000.0
sz301109,军信股份,59394700.0,7110200.0,6998700.0,111500.0,61162500.0
sh688069,德林海,34890000.0,404799.99999999994,295400.0,109400.0,34890000.0
sh600611,大众交通,189000000.0,594300.0,485400.0,108900.0,189000000.0
sh600020,中原高速,123000000.0,2433500.0,2324700.0,108800.00000000001,123000000.0
sh688625,呈和科技,80220800.0,577700.0,468900.0,108800.00000000001,80220800.0
sh600167,联美控股,534999999.99999994,1442400.0,1334800.0,107500.0,540000000.0
sh688395,正弦电气,32929699.999999996,1046600.0,939599.9999999999,107100.00000000001,32929699.999999996
sz002685,华东重机,85898400.0,839200.0,732400.0,106800.0,85901200.00000001
sz301305,朗坤环境,54010600.00000001,20169700.0,20063900.0,105800.0,92176100.0
sh688589,力合微,141000000.0,1842100.0,1738100.0,104000.0,142000000.0
sh688626,翔宇医疗,69502600.0,1529700.0,1426000.0,103800.00000000001,70976500.0
sh688127,蓝特光学,146000000.0,673000.0,570300.0,102800.0,147000000.0
sh688196,卓越新能,67408800.0,415300.0,313600.0,101700.0,67497700.0
sz301038,深水规院,50814300.0,7661500.0,7561500.0,100000.0,50814300.0
sz300930,屹通新材,31730300.000000004,476700.0,377100.0,99600.00000000001,31730300.000000004
835985,海泰新能,1942500.0,195400.0,96000.0,99400.0,1942500.0
sz301469,C恒达新材,22545800.0,18566600.0,18469200.0,97400.0,40759300.0
sz301029,怡合达,70999400.0,750500.0,654300.0000000001,96199.99999999999,75507100.0
sh600169,太原重工,220000000.00000003,4870400.0,4775400.0,94900.0,221000000.0
831087,秋乐种业,404500.0,93300.0,0.0,93300.0,404500.0
sh688219,会通股份,62141700.0,407700.00000000006,320900.00000000006,86800.0,62141700.0
sh603915,国茂股份,42366200.0,635600.0,549100.0,86500.0,43281500.0
sh600710,苏美达,134000000.00000001,2777700.0,2691600.0000000005,86199.99999999999,137000000.0
sh688459,哈铁科技,28544200.0,1106000.0,1020800.0,85200.0,37615700.0
838402,硅烷科技,10853300.0,99800.0,14600.0,85200.0,10853300.0
sz002574,明牌珠宝,115999999.99999999,967600.0,882800.0,84800.0,115999999.99999999
sz300915,海融科技,60933600.0,2646500.0,2563800.0,82600.0,60933600.0
sh601010,文峰股份,113999999.99999999,892800.0,810300.0,82500.0,113999999.99999999
sh603776,永安行,200999999.99999997,799200.0,717800.0,81400.0,202000000.0
sz002695,煌上煌,81412500.0,923400.0,842700.0,80700.0,82274800.0
sh601619,嘉泽新能,109000000.00000001,4920800.0,4842300.0,78500.0,113999999.99999999
sh605589,圣泉集团,267000000.0,10932200.0,10853800.000000002,78400.0,269000000.0
sz301136,招标股份,64746500.0,12666600.0,12588300.0,78200.0,68663200.0
sh688203,海正生材,26507300.0,2295900.0,2218300.0,77700.0,26507300.0
sh605208,永茂泰,62547800.0,1320200.0,1242900.0,77300.0,62566000.0
sz002946,新乳业,18470700.0,541200.0,465300.0,75900.0,22401600.0
sh600282,南钢股份,202999999.99999997,4632500.0,4557200.0,75300.0,210000000.0
sh688443,智翔金泰,39749600.0,1652500.0,1577800.0,74600.0,42144300.0
sh688288,鸿泉物联,39333500.0,747600.0,674300.0000000001,73300.0,39333500.0
sh688192,迪哲医药,15985900.0,301800.0,228600.0,73200.0,99619700.0
sh688669,聚石化学,67793200.0,893199.9999999999,822099.9999999999,71200.0,67793200.0
sz000859,国风新材,398000000.0,803000.0,733000.0,70000.0,398000000.0
sz301200,大族数控,54398800.0,1006900.0,937000.0,69900.0,55602299.99999999
sh688501,青达环保,41288600.0,865100.0,798600.0,66500.0,73142000.0
836077,吉林碳谷,5893700.0,112500.0,46400.0,66100.0,5893700.0
sh600810,神马股份,231999999.99999997,480800.0,416400.0,64400.00000000001,234000000.0
sh600617,国新能源,222000000.00000003,2923100.0,2859100.0000000005,64000.0,223000000.0
sz301086,鸿富瀚,41916300.0,380200.00000000006,316600.0,63500.0,41916300.0
sz002647,仁东控股,1323000000.0,280300.0,217700.0,62600.0,1323000000.0
sz300996,普联软件,40540000.0,2391500.0,2329400.0,62100.0,40540000.0
sh600033,福建高速,299000000.0,777500.0,716400.0,61100.0,299000000.0
833914,远航精密,85300.0,61100.0,0.0,61100.0,85300.0
sz301019,宁波色母,25949899.999999996,693800.0,633000.0,60800.0,25949899.999999996
830799,艾融软件,2323000.0,78900.0,19000.0,59900.0,2323000.0
sz000987,越秀资本,519000000.00000006,10878200.0,10820100.0,58000.0,523000000.00000006
sz002547,春兴精工,166000000.0,802700.0,745100.0,57500.0,166000000.0
sh688667,菱电电控,87060300.0,492299.99999999994,435300.0,57000.0,87155300.0
832023,田野股份,264400.0,56100.0,0.0,56100.0,264400.0
sh600127,金健米业,194000000.0,15643200.0,15587200.0,56000.0,194000000.0
sh603055,台华新材,122000000.0,784200.0,729800.0,54400.00000000001,123000000.0
sh603517,绝味食品,336000000.0,3515500.0,3461500.0,53900.0,344000000.0
sz301193,家联科技,27351200.0,255500.0,204000.0,51500.0,27351200.0
sz002545,东方铁塔,98200200.0,1126100.0,1074700.0,51500.0,99548799.99999999
sz300303,聚飞光电,260000000.0,3316700.0,3265299.9999999995,51400.0,262000000.0
sz301220,亚香股份,33151100.0,456300.0,405000.0,51300.0,43480200.00000001
sz300408,三环集团,334000000.0,1676900.0,1627100.0,49800.00000000001,344000000.0
sh600881,亚泰集团,442000000.0,3146200.0,3099600.0,46600.0,442000000.0
sh688097,博众精工,141000000.0,3301600.0000000005,3256200.0,45400.0,141000000.0
sz300055,万邦达,333000000.0,3228700.0,3183399.9999999995,45300.0,335000000.0
sz002580,圣阳股份,146000000.0,1353899.9999999998,1308899.9999999998,45000.0,146000000.0
sz301237,和顺科技,36484300.0,251800.0,207300.0,44500.0,36484300.0
sh688098,申联生物,91647200.0,396300.0,351900.0,44400.00000000001,91647200.0
sh603733,仙鹤股份,112999999.99999999,1686500.0,1643899.9999999998,42600.0,113999999.99999999
839725,惠丰钻石,1406200.0,63099.99999999999,21200.0,41800.0,1406200.0
sz002624,完美世界,1159000000.0,20428200.0,20387500.0,40700.0,1190000000.0
sh688093,世华科技,94678300.0,991600.0,951600.0,40000.0,94678300.0
sz301283,聚胶股份,33545800.0,1794100.0,1754600.0,39500.0,33545800.0
sh688283,坤恒顺维,26345400.0,815000.0,777900.0000000001,37100.0,32034200.0
sh688133,泰坦科技,197000000.0,1476100.0000000002,1439700.0,36400.0,200999999.99999997
sh688168,安博通,81236600.0,3823200.0,3787400.0,35800.0,81236600.0
834682,球冠电缆,425800.0,35600.0,0.0,35600.0,425800.0
sz301211,亨迪药业,76940300.0,5412400.0,5379900.0,32599.999999999996,90504599.99999999
sh600586,金晶科技,67325900.0,3501900.0,3469800.0,32100.0,71131400.0
830974,凯大催化,477500.0,31700.0,0.0,31700.0,477500.0
sz002002,鸿达兴业,436000000.00000006,2933100.0,2902100.0,31000.0,443000000.0
430476,海能技术,1407100.0,30400.0,0.0,30400.0,1407100.0
sh600130,波导股份,233000000.0,2116300.0,2086699.9999999998,29600.0,233000000.0
sz300409,道氏技术,332000000.0,2512400.0,2486000.0,26400.0,339000000.0
sz000921,海信家电,68060300.0,961700.0,938300.0,23400.0,77422400.0
835174,五新隧装,1002900.0000000001,28000.0,7300.0,20700.0,1002900.0000000001
sz301325,曼恩斯特,67179500.0,2056399.9999999998,2035700.0,20700.0,69233400.0
sz000062,深圳华强,290000000.0,1118400.0,1098500.0,19800.0,291000000.0
sz300589,江龙船艇,103000000.0,2302000.0,2284500.0,17500.0,103000000.0
830809,安达科技,7771500.0,36700.0,19900.0,16800.0,7771500.0
sz301367,怡和嘉业,130000000.0,5041900.0,5025200.0,16700.0,141000000.0
sh600604,市北高新,233000000.0,496100.0,480200.00000000006,15900.0,235000000.0
430510,丰光精密,280100.0,15500.0,0.0,15500.0,280100.0
430139,华岭股份,523500.0,15300.0,0.0,15300.0,523500.0
sh688080,映翰通,86988500.0,2424900.0,2411200.0,13700.000000000002,86988500.0
sz002978,安宁股份,61233200.0,496900.0,483500.0,13400.0,61418400.0
sh688184,帕瓦股份,38995200.0,650400.0000000001,639900.0,10600.0,44504200.0
sh603477,巨星农牧,127000000.0,2524200.0,2514100.0,10000.0,153000000.0
sz300966,共同药业,59219200.0,1380500.0,1370500.0,10000.0,59219200.0
sh688432,有研硅,152000000.0,2351500.0,2344900.0,6600.0,192000000.0
sh688600,皖仪科技,21331500.0,363000.0,359700.0,3300.0,21331500.0
sh603489,八方股份,49229600.0,981200.0,977900.0000000001,3300.0,51325700.0
830832,齐鲁华信,2500.0,2500.0,0.0,2500.0,2500.0
sh688021,奥福环保,21295500.0,967000.0,965200.0,1800.0,21295500.0
834261,一诺威,549100.0,1500.0,0.0,1500.0,549100.0
sh688279,峰岹科技,53973300.0,1317000.0,1316100.0000000002,900.0,121000000.0
871642,通易航天,8200.0,0.0,0.0,0.0,8200.0
831305,海希通讯,331700.0,0.0,0.0,0.0,331700.0
834062,科润智控,181300.0,0.0,0.0,0.0,181300.0
830964,润农节水,189899.99999999997,0.0,0.0,0.0,189899.99999999997
835857,百甲科技,80300.0,0.0,0.0,0.0,80300.0
831768,拾比佰,47600.0,0.0,0.0,0.0,47600.0
836675,秉扬科技,67800.0,0.0,0.0,0.0,67800.0
832278,鹿得医疗,75500.0,0.0,0.0,0.0,75500.0
872541,铁大科技,510000.0,0.0,0.0,0.0,510000.0
839729,永顺生物,13000.0,0.0,0.0,0.0,13000.0
833454,同心传动,332700.00000000006,0.0,0.0,0.0,332700.00000000006
832885,星辰科技,501900.0,0.0,0.0,0.0,501900.0
834770,艾能聚,250900.0,0.0,0.0,0.0,250900.0
430047,诺思兰德,1340700.0,0.0,0.0,0.0,1340700.0
836720,吉冈精密,449700.0,0.0,0.0,0.0,449700.0
837344,三元基因,1197900.0,0.0,0.0,0.0,1197900.0
831832,科达自控,2719500.0,0.0,0.0,0.0,2719500.0
832149,利尔达,735300.0,0.0,0.0,0.0,735300.0
837092,汉鑫科技,239600.0,0.0,0.0,0.0,239600.0
834021,流金科技,995400.0000000001,0.0,0.0,0.0,995400.0000000001
836239,长虹能源,4292100.0,0.0,0.0,0.0,4292100.0
835670,数字人,1387500.0,26400.0,26400.0,0.0,1387500.0
838171,邦德股份,206700.00000000003,0.0,0.0,0.0,206700.00000000003
836263,中航泰达,62000.0,0.0,0.0,0.0,62000.0
831445,龙竹科技,327200.0,0.0,0.0,0.0,327200.0
836826,盖世食品,262600.0,0.0,0.0,0.0,262600.0
839167,同享科技,53900.0,0.0,0.0,0.0,53900.0
831010,凯添燃气,193299.99999999997,0.0,0.0,0.0,193299.99999999997
832566,梓橦宫,507600.0,0.0,0.0,0.0,507600.0
831370,新安洁,255500.0,0.0,400.0,400.0,255500.0
sh688146,中船特气,190000000.0,4679900.0,4680500.0,600.0,196000000.0
sz000851,高鸿股份,433000000.0,3567600.0,3570600.0,3000.0,438000000.0
sz002636,金安国纪,36412000.0,361000.0,364300.0,3300.0,37736100.0
832175,东方碳素,795600.0,0.0,3300.0,3300.0,795600.0
838670,恒进感应,1122300.0,0.0,3500.0,3500.0,1122300.0
sz002387,维信诺,190000000.0,1146100.0,1150600.0,4500.0,190000000.0
sz002621,美吉姆,59402500.0,377100.0,381800.0,4700.0,59438900.0
833523,德瑞锂电,573300.0,0.0,4800.0,4800.0,573300.0
sh600165,宁科生物,61895100.0,233000.0,237800.0,4800.0,61895100.0
sh688513,苑东生物,44443600.0,1659199.9999999998,1664300.0,5000.0,44928500.0
430017,星昊医药,1324100.0,60800.0,65900.0,5100.0,1324100.0
sh600076,康欣新材,143000000.0,446100.0,452600.0,6500.0,143000000.0
sz301026,浩通科技,69481600.0,441900.0,448600.0,6800.000000000001,71188300.0
871981,晶赛科技,185200.0,0.0,8100.000000000001,8100.000000000001,185200.0
sz002376,新北洋,315000000.0,803199.9999999999,812200.0,9000.0,315000000.0
sh688125,安达智能,25266500.0,713700.0,723100.0,9400.0,25732900.0
sh603100,川仪股份,35299700.0,1196000.0,1205500.0,9500.0,36799400.0
430489,佳先股份,829400.0,0.0,10200.0,10200.0,829400.0
sh688209,英集芯,64306500.0,1021200.0,1031900.0,10700.0,65216600.0
sz300208,青岛中程,75603800.0,1356800.0,1368300.0000000002,11600.0,76167000.0
sz002001,新和成,1019999999.9999999,5753200.000000001,5765200.0,12000.0,1026000000.0
sz301135,瑞德智能,45889100.0,1243600.0,1256100.0,12600.0,45889100.0
sh688290,景业智能,24179200.0,526900.0,540600.0,13700.000000000002,76926200.0
sz002690,美亚光电,68354300.0,2011000.0,2025700.0,14700.0,73341700.0
831961,创远信科,584600.0,0.0,16100.000000000002,16100.000000000002,584600.0
832225,利通科技,7794000.0,18100.0,35200.0,17100.0,7794000.0
sh688611,杭州柯林,21310000.0,490400.0,508000.0,17600.0,21310000.0
sh600933,爱柯迪,23647100.0,1116800.0,1134900.0,18100.0,32919100.0
sz301110,青木股份,65315900.0,6697700.0,6717200.0,19500.0,71450200.0
sz300908,仲景食品,66788100.00000001,996900.0,1016500.0,19600.0,66832000.0
430556,雅达股份,686200.0,0.0,19700.0,19700.0,686200.0
sh603098,森特股份,45276200.0,547500.0,567400.0,19900.0,49287900.0
sh600081,东风科技,110000000.00000001,2705800.0,2725700.0,20000.0,110000000.00000001
sh688244,永信至诚,50291899.99999999,620700.0,643700.0,23000.0,57130600.00000001
sz300907,康平科技,33439800.0,600600.0,623800.0,23200.0,33439800.0
837212,智新电子,218700.0,0.0,23600.0,23600.0,218700.0
sh601933,永辉超市,1634000000.0,7493300.0,7517700.0,24400.0,1637000000.0
sz000582,北部湾港,103000000.0,1048000.0,1074300.0,26300.0,104000000.0
sz300398,飞凯材料,760000000.0,11033300.0,11059700.0,26400.0,788000000.0
sz000513,丽珠集团,476000000.0,2907000.0,2934800.0,27799.999999999996,488000000.0
sh603826,坤彩科技,429000000.0,164600.0,192500.0,27900.0,437000000.0
sz002948,青岛银行,64654300.0,2162800.0,2191600.0,28700.0,66228400.0
sz300035,中科电气,356000000.0,8175500.0,8204700.0,29100.0,400000000.0
sh688737,中自科技,29601800.0,346200.0,375700.0,29600.0,30881800.0
sh600125,铁龙物流,398000000.0,7410599.999999999,7441400.0,30800.0,399000000.0
sz300943,春晖智控,69376300.0,1440400.0,1471500.0,31100.0,69376300.0
sz300882,万胜智能,73509600.0,2570100.0,2603399.9999999995,33200.0,73514000.0
sz301269,华大九天,202999999.99999997,8351400.0,8384900.0,33500.0,284000000.0
834033,康普化学,122899.99999999999,0.0,33800.0,33800.0,122899.99999999999
sh601288,农业银行,2128000000.0,202000000.0,202000000.0,33900.0,2150000000.0
sz300963,中洲特材,37129800.0,1080400.0,1115000.0,34600.0,37129800.0
sz002932,明德生物,150000000.0,1830800.0000000002,1866000.0,35200.0,152000000.0
sz300860,锋尚文化,95811600.0,1638500.0,1674700.0,36200.0,98575900.0
sz301223,中荣股份,33680200.0,2249500.0,2286000.0,36500.0,33680200.0
sh600184,光电股份,245000000.00000003,4556900.0,4593600.0,36700.0,250999999.99999997
sz301167,建研设计,38567600.0,1822300.0,1861100.0000000002,38800.0,38567600.0
sh688377,迪威尔,20161100.0,499799.99999999994,539600.0,39900.0,20161100.0
sz300219,鸿利智汇,109000000.00000001,2764800.0,2804700.0000000005,39900.0,109000000.00000001
sh688566,吉贝尔,32442700.0,314700.0,355200.00000000006,40500.0,32442700.0
sz301116,益客食品,85417200.0,3908500.0,3949200.0,40599.99999999999,90364599.99999999
sh600168,武汉控股,90752900.00000001,1728600.0000000002,1770900.0,42200.0,90752900.00000001
sz000601,韶能股份,35926200.0,252700.0,295100.0,42400.0,36008900.0
sh601965,中国汽研,153000000.0,859800.0,902200.0,42400.0,159000000.0
sh688300,联瑞新材,107000000.0,1066800.0,1109800.0,43000.0,107000000.0
sz300088,长信科技,1269000000.0,6002000.0,6046000.0,44000.0,1289000000.0
833819,颖泰生物,2541300.0,0.0,46000.0,46000.0,2541300.0
sh688701,卓锦股份,26548200.0,1649400.0,1695500.0,46100.0,26548200.0
sh600545,卓郎智能,160000000.0,395700.0,443700.0,48000.0,160000000.0
sh688281,华秦科技,22318800.0,3054800.0,3103900.0,49100.0,48450900.0
sz002557,洽洽食品,149000000.0,1656200.0,1707300.0,51100.0,164000000.0
sh688193,仁度生物,20426800.0,299900.0,351300.0,51400.0,22926700.0
sz301093,华兰股份,32623600.0,290200.0,343500.0,53400.0,32703400.0
sh688138,清溢光电,67435300.0,1013500.0,1067000.0,53500.0,67435300.0
sz300997,欢乐家,65470600.00000001,1632400.0,1686200.0,53700.0,65761100.0
sh603197,保隆科技,82071200.00000001,4103800.0,4158600.0,54800.00000000001,103000000.0
sh688323,瑞华泰,141000000.0,1055400.0,1110900.0,55400.0,141000000.0
sh688218,江苏北人,125000000.0,1447400.0,1503000.0,55700.0,125000000.0
sh688798,艾为电子,96413799.99999999,744900.0,801500.0,56500.0,108000000.0
sz301321,翰博高新,40057400.0,655000.0,712400.0,57300.00000000001,40057400.0
sh688226,威腾电气,43865900.0,1203200.0,1262500.0,59300.0,43865900.0
sz002378,章源钨业,239000000.0,641200.0,701100.0,59900.0,241000000.0
sz000545,金浦钛业,36274500.0,324799.99999999994,385400.0,60599.99999999999,36274500.0
sh688291,金橙子,34503500.0,1529000.0,1590200.0,61200.0,38431700.0
sz002458,益生股份,395000000.0,4148900.0,4210100.0,61200.0,395000000.0
sh688585,上纬新材,22137300.0,219800.0,281500.0,61800.0,22137300.0
sz300299,富春股份,311000000.0,3476300.0,3538399.9999999995,62100.0,318000000.0
sh603777,来伊份,136000000.0,1087300.0,1149800.0,62600.0,137000000.0
sz301386,未来电器,58337000.0,20926500.0,20989699.999999996,63200.0,58337000.0
sh600308,华泰股份,331000000.0,456000.0,519500.0,63500.0,332000000.0
sh688426,康为世纪,39347600.0,866600.0,930300.0,63700.0,44781500.0
832089,禾昌聚合,1242800.0,0.0,64500.0,64500.0,1242800.0
sh600618,氯碱化工,123000000.0,817300.0,882200.0,64900.0,126000000.0
sz301009,可靠股份,37455300.0,1087600.0,1152700.0,65100.0,37455300.0
830946,森萱医药,2638900.0,0.0,67000.0,67000.0,2638900.0
sh600284,浦东建设,141000000.0,2734200.0,2802300.0,68100.0,156000000.0
sh600917,重庆燃气,60625900.0,339500.0,408700.0,69300.0,60773100.00000001
sh688096,京源环保,37455300.0,1171500.0,1240800.0,69300.0,37455300.0
sz002344,海宁皮城,195000000.0,2175300.0,2244700.0,69300.0,195000000.0
sh688265,南模生物,33257900.0,527500.0,598900.0,71400.0,38256400.0
835368,连城数控,12503800.000000002,43000.0,114900.0,71900.0,12503800.000000002
sh688728,格科微,241000000.0,682700.0,755600.0,72900.0,293000000.0
sh601579,会稽山,146000000.0,1312600.0,1385600.0,73000.0,147000000.0
sh601869,长飞光纤,174000000.0,1940800.0000000002,2014199.9999999998,73400.0,182000000.0
831152,昆工科技,19247300.0,18100.0,98200.0,80100.0,19247300.0
sz300081,恒信东方,209000000.0,5855599.999999999,5937100.0,81500.0,210000000.0
sz300472,新元科技,86223400.0,777500.0,859300.0000000001,81800.0,86273900.0
sz003040,楚天龙,202000000.0,6308600.0,6390700.000000001,82100.00000000001,225999999.99999997
sz002016,世荣兆业,113999999.99999999,1358300.0000000002,1441300.0,83000.0,114999999.99999999
sh688163,赛伦生物,34966100.0,113000.0,197100.0,84100.0,35165800.0
sh601700,风范股份,174000000.0,2240200.0,2324300.0,84100.0,176000000.0
sh688469,中芯集成,308000000.0,5009400.0,5094800.0,85399.99999999999,312000000.0
sh688373,盟科药业,25578700.0,174000.0,259700.0,85700.0,35681800.0
sh600825,新华传媒,223000000.0,5004100.0,5091400.0,87300.0,223000000.0
sh688529,豪森股份,59274799.99999999,803100.0,892000.0,88800.00000000001,59274799.99999999
sh600941,中国移动,689000000.0,31852300.0,31943000.0,90700.0,729000000.0
sz002469,三维化学,114999999.99999999,4052900.0,4143900.0,91000.0,114999999.99999999
sz301077,星华新材,29150200.0,489300.0,580400.0,91100.0,29150200.0
sz300696,爱乐达,113999999.99999999,970300.0,1064100.0,93900.0,114999999.99999999
sz002925,盈趣科技,177000000.0,2390900.0,2486200.0,95399.99999999999,181000000.0
sz301068,大地海洋,27066100.0,158900.0,255000.0,96100.0,27066100.0
sz002412,汉森制药,125000000.0,2086500.0,2183400.0,96900.0,126000000.0
sz301082,久盛电气,49033100.00000001,1745900.0,1843100.0,97100.00000000001,52669799.99999999
sh605366,宏柏新材,45171200.0,655000.0,754599.9999999999,99600.00000000001,45171200.0
sz300518,盛讯达,146000000.0,1003500.0,1103500.0,100100.0,146000000.0
sh688267,中触媒,86212200.0,923199.9999999999,1024200.0,100900.0,89609100.0
sh600705,中航产融,1337000000.0,23960100.000000004,24061300.0,101199.99999999999,1360000000.0
sh688308,欧科亿,74328400.0,800100.0,901500.0,101300.00000000001,76621800.0
sz002543,万和电气,42218400.0,772800.0,874200.0,101400.0,42252400.0
sz002262,恩华药业,278000000.0,1422700.0,1525500.0,102800.0,288000000.0
sh600377,宁沪高速,33852300.0,1760600.0,1863600.0000000002,103100.0,41187200.0
sz002312,川发龙蟒,403000000.0,1970600.0,2076100.0000000002,105500.0,417000000.0
sz002168,惠程科技,70486000.0,258900.0,364799.99999999994,105900.0,70486000.0
sz301185,鸥玛软件,74525600.0,2615800.0,2722000.0,106199.99999999999,74525600.0
sh688179,阿拉丁,121000000.0,853900.0,960900.0,107100.00000000001,121000000.0
sz002876,三利谱,243000000.00000003,3592200.0000000005,3699300.0,107100.00000000001,243000000.00000003
sz000565,渝三峡Ａ,178000000.0,1511500.0,1619500.0,108000.0,178000000.0
sz000848,承德露露,227999999.99999997,2459000.0,2569700.0000000005,110600.0,229999999.99999997
sh688216,气派科技,64785000.0,192399.99999999997,303300.0,111000.0,64785000.0
sz300353,东土科技,274000000.0,3545800.0,3659100.0000000005,113300.0,390000000.0
sh603305,旭升集团,114999999.99999999,3990899.9999999995,4105899.9999999995,115000.0,126000000.0
sh688173,希荻微,64232800.0,1353400.0,1468899.9999999998,115500.0,113999999.99999999
sh688121,XD卓然股,63103500.0,2464800.0,2580400.0,115600.0,69901900.0
sz301395,仁信新材,24888100.0,4475600.0,4593100.0,117500.0,24888100.0
sz300233,金城医药,330000000.0,4392300.0,4510700.0,118400.0,334000000.0
sz301345,涛涛车业,30553600.0,693400.0,812099.9999999999,118699.99999999999,30553600.0
sz002488,金固股份,399000000.0,3111200.0,3230800.0,119600.00000000001,405999999.99999994
834599,同力股份,4161600.0000000005,123900.0,245000.0,121100.0,4161600.0000000005
sz301020,密封科技,57039200.0,1239100.0,1360700.0,121500.0,57039200.0
sh600066,宇通客车,200999999.99999997,3205200.0,3326900.0,121700.0,217000000.0
sh600320,振华重工,258000000.0,2293500.0,2416300.0,122800.0,259000000.0
sh688538,和辉光电,170000000.0,1957600.0,2081300.0,123699.99999999999,265000000.0
sh600822,上海物贸,103000000.0,6383300.0,6507500.0,124200.0,104000000.0
sh601038,一拖股份,112000000.00000001,1038700.0,1164900.0,126199.99999999999,112000000.00000001
sh600325,华发股份,308000000.0,3425600.0,3552300.0,126700.0,331000000.0
sz002342,巨力索具,92527400.0,219000.0,345700.0,126700.0,92527400.0
sz000756,新华制药,279000000.0,12185700.0,12312900.0,127200.0,284000000.0
sh600386,北巴传媒,131000000.0,2434600.0,2562300.0,127700.0,131000000.0
sz301268,铭利达,105000000.0,1082000.0,1210400.0,128400.0,107000000.0
sz301032,新柴股份,16550300.0,283300.0,412600.0,129300.0,16550300.0
