成交时间,成交价,涨跌幅,价格变动,成交量(手),成交额(元),性质
09:15:03,0.0,-100.00%,--,0,0,中性盘
09:25:03,39.05,-0.26%,--,41,160105,中性盘
09:25:03,39.05,-0.26%,-0.01,41,160105,--
09:30:03,39.04,-0.28%,-0.01,14,54656,卖盘
09:30:06,39.05,-0.26%,+0.01,20,78100,卖盘
09:30:12,39.05,-0.26%,-0.05,13,50765,卖盘
09:30:15,39.05,-0.26%,--,2,7810,卖盘
09:30:18,39.0,-0.38%,-0.05,5,19500,卖盘
09:30:21,39.1,-0.13%,+0.1,29,113390,买盘
09:30:24,39.0,-0.38%,-0.1,16,62400,卖盘
09:30:27,39.05,-0.26%,+0.05,10,39050,买盘
09:30:30,39.1,-0.13%,+0.05,4,15640,买盘
09:30:33,39.16,+0.03%,+0.06,6,23496,买盘
09:30:36,38.99,-0.41%,-0.17,53,206647,卖盘
09:30:39,39.21,+0.15%,+0.22,4,15684,买盘
09:30:42,39.25,+0.26%,+0.04,10,39250,买盘
09:30:45,39.3,+0.38%,+0.05,15,58950,买盘
09:30:51,39.29,+0.36%,-0.01,1,3929,买盘
09:30:54,39.23,+0.20%,-0.06,9,35307,卖盘
09:30:57,39.23,+0.20%,--,102,400146,卖盘
09:31:00,39.3,+0.38%,+0.07,7,27510,买盘
09:31:03,39.3,+0.38%,--,8,31440,卖盘
09:31:06,39.3,+0.38%,--,13,51090,买盘
09:31:09,39.3,+0.38%,--,37,145410,买盘
09:31:12,39.26,+0.28%,-0.04,1,3926,中性盘
09:31:15,39.26,+0.28%,--,1,3926,买盘
09:31:21,39.21,+0.15%,-0.05,24,94104,中性盘
09:31:27,39.21,+0.15%,--,49,192129,买盘
09:31:27,39.21,+0.15%,--,49,192129,中性盘
09:31:30,39.26,+0.28%,+0.05,1,3926,买盘
09:31:33,39.26,+0.28%,--,13,51038,买盘
09:31:36,39.26,+0.28%,--,10,39260,卖盘
09:31:39,39.25,+0.26%,-0.01,10,39250,买盘
09:31:42,39.19,+0.10%,-0.06,49,192031,卖盘
09:31:51,39.22,+0.18%,+0.03,1,3922,中性盘
09:31:54,39.22,+0.18%,--,1,3922,卖盘
09:32:03,39.19,+0.10%,-0.03,37,145003,卖盘
09:32:06,39.14,-0.03%,-0.05,1,3914,卖盘
09:32:09,39.13,-0.05%,-0.01,5,19565,卖盘
09:32:21,39.19,+0.10%,+0.06,21,82299,买盘
09:32:24,39.14,-0.03%,-0.05,5,19570,卖盘
09:32:30,39.12,-0.08%,-0.02,7,27384,卖盘
09:32:33,39.14,-0.03%,+0.02,3,11742,买盘
09:32:36,39.14,-0.03%,--,6,23484,买盘
09:32:39,39.19,+0.10%,+0.05,19,74461,买盘
09:32:42,39.2,+0.13%,+0.01,6,23520,买盘
09:32:45,39.2,+0.13%,--,4,15680,买盘
09:32:48,39.2,+0.13%,--,59,231280,买盘
09:32:51,39.2,+0.13%,--,3,11760,卖盘
09:32:54,39.2,+0.13%,--,6,23520,卖盘
09:33:00,39.26,+0.28%,+0.06,1,3926,买盘
09:33:03,39.21,+0.15%,-0.05,1,3921,卖盘
09:33:12,39.26,+0.28%,+0.05,3,11778,买盘
09:33:15,39.2,+0.13%,-0.06,20,78400,卖盘
09:33:21,39.16,+0.03%,-0.04,13,50908,卖盘
09:33:24,39.19,+0.10%,+0.03,7,27433,买盘
09:33:30,39.14,-0.03%,-0.05,60,234840,卖盘
09:33:33,39.13,-0.05%,-0.01,5,19565,中性盘
09:33:36,39.1,-0.13%,-0.03,11,43010,卖盘
09:33:39,39.15,0.00%,+0.05,25,97875,买盘
09:33:42,39.1,-0.13%,-0.05,41,160310,卖盘
09:33:45,39.19,+0.10%,+0.09,6,23514,买盘
09:33:51,39.1,-0.13%,-0.09,20,78200,卖盘
09:34:03,39.14,-0.03%,+0.04,5,19570,中性盘
09:34:06,39.1,-0.13%,-0.04,4,15640,卖盘
09:34:09,39.1,-0.13%,--,8,31280,卖盘
09:34:15,39.08,-0.18%,-0.02,2,7816,卖盘
09:34:18,39.04,-0.28%,-0.04,3,11712,卖盘
09:34:21,39.13,-0.05%,+0.09,12,46956,买盘
09:34:24,39.13,-0.05%,--,1,3913,中性盘
09:34:48,39.06,-0.23%,-0.07,19,74214,卖盘
09:34:51,39.12,-0.08%,+0.06,1,3912,买盘
09:34:57,39.12,-0.08%,--,1,3912,买盘
09:35:06,39.06,-0.23%,-0.06,7,27342,卖盘
09:35:09,39.0,-0.38%,-0.06,37,144300,卖盘
09:35:12,39.01,-0.36%,+0.01,2,7802,买盘
09:35:15,39.0,-0.38%,-0.01,1,3900,中性盘
09:35:27,38.98,-0.43%,-0.02,32,124736,卖盘
09:35:42,38.96,-0.49%,-0.02,15,58440,卖盘
09:35:45,38.96,-0.49%,--,2,7792,买盘
09:35:48,38.96,-0.49%,--,1,3896,买盘
09:35:51,38.97,-0.46%,+0.01,83,323451,买盘
09:35:57,38.92,-0.59%,-0.05,5,19460,中性盘
09:36:03,38.91,-0.61%,-0.01,15,58365,卖盘
09:36:06,38.92,-0.59%,+0.01,27,105084,买盘
09:36:12,38.92,-0.59%,--,1,3892,买盘
09:36:15,38.91,-0.61%,-0.01,5,19455,卖盘
09:36:18,38.91,-0.61%,--,1,3891,卖盘
09:36:21,38.9,-0.64%,-0.01,13,50570,卖盘
09:36:33,38.91,-0.61%,+0.01,93,361863,买盘
09:36:39,38.93,-0.56%,+0.02,2,7786,卖盘
09:36:45,38.93,-0.56%,--,10,38930,卖盘
09:36:48,38.93,-0.56%,--,27,105111,买盘
09:36:51,38.97,-0.46%,+0.04,1,3897,买盘
09:36:57,38.97,-0.46%,--,3,11691,买盘
09:37:06,38.98,-0.43%,+0.01,1,3898,中性盘
09:37:09,39.0,-0.38%,+0.02,3,11700,买盘
09:37:12,38.97,-0.46%,-0.03,17,66249,卖盘
09:37:15,38.98,-0.43%,+0.01,4,15592,买盘
09:37:24,38.98,-0.43%,--,8,31184,买盘
09:37:30,38.97,-0.46%,-0.01,5,19485,卖盘
09:37:36,38.95,-0.51%,-0.02,5,19475,卖盘
09:37:39,38.9,-0.64%,-0.05,38,147820,卖盘
09:37:42,38.95,-0.51%,+0.05,7,27265,买盘
09:37:51,38.95,-0.51%,+0.01,11,42845,买盘
09:37:51,38.95,-0.51%,-0.04,11,42845,中性盘
09:38:03,38.91,-0.61%,-0.04,1,3891,中性盘
09:38:06,38.93,-0.56%,+0.02,4,15572,中性盘
09:38:09,38.87,-0.72%,-0.06,105,408135,卖盘
09:38:12,38.9,-0.64%,+0.03,26,101140,买盘
09:38:15,38.91,-0.61%,+0.01,4,15564,中性盘
09:38:18,38.86,-0.74%,-0.05,6,23316,卖盘
09:38:24,38.86,-0.74%,--,1,3886,中性盘
09:38:27,38.85,-0.77%,-0.01,37,143745,卖盘
09:38:39,38.86,-0.74%,+0.01,4,15544,中性盘
09:38:42,38.86,-0.74%,--,1,3886,卖盘
09:38:45,38.89,-0.66%,+0.03,2,7778,买盘
09:38:48,38.89,-0.66%,--,2,7778,卖盘
09:38:51,38.89,-0.66%,--,6,23334,买盘
09:38:57,38.89,-0.66%,--,1,3889,买盘
09:39:03,38.89,-0.66%,--,43,167227,买盘
09:39:06,38.9,-0.64%,+0.01,135,525150,买盘
09:39:09,38.9,-0.64%,--,25,97250,买盘
09:39:15,38.9,-0.64%,--,3,11670,卖盘
09:39:18,38.93,-0.56%,+0.03,14,54502,买盘
09:39:24,38.93,-0.56%,--,4,15572,买盘
09:39:30,38.96,-0.49%,+0.03,29,112984,买盘
09:39:33,38.96,-0.49%,--,2,7792,卖盘
09:39:39,38.95,-0.51%,-0.01,10,38950,卖盘
09:39:42,39.0,-0.38%,+0.05,6,23400,买盘
09:39:45,39.0,-0.38%,--,1,3900,买盘
09:39:51,39.05,-0.26%,+0.05,2,7810,买盘
09:40:03,39.06,-0.23%,+0.01,2,7812,买盘
09:40:15,39.01,-0.36%,-0.05,4,15604,卖盘
09:40:24,39.0,-0.38%,-0.01,7,27300,卖盘
09:40:33,39.04,-0.28%,+0.04,7,27328,买盘
09:40:45,39.03,-0.31%,-0.01,1,3903,中性盘
09:40:51,39.02,-0.33%,-0.01,11,42922,卖盘
09:41:00,39.04,-0.28%,+0.02,5,19520,买盘
09:41:06,39.02,-0.33%,-0.02,1,3902,卖盘
09:41:09,39.02,-0.33%,--,1,3902,卖盘
09:41:15,39.02,-0.33%,--,1,3902,中性盘
09:41:18,39.01,-0.36%,-0.01,1,3901,卖盘
09:41:21,39.0,-0.38%,-0.01,61,237900,卖盘
09:41:24,39.0,-0.38%,--,1,3900,卖盘
09:41:33,38.95,-0.51%,-0.05,5,19475,卖盘
09:41:39,38.95,-0.51%,--,3,11685,买盘
09:41:42,38.95,-0.51%,--,4,15580,买盘
09:41:45,38.93,-0.56%,-0.02,10,38930,卖盘
09:41:48,38.95,-0.51%,+0.02,13,50635,买盘
09:41:57,38.93,-0.56%,-0.02,6,23358,卖盘
09:42:00,38.93,-0.56%,--,1,3893,卖盘
09:42:06,38.91,-0.61%,-0.02,33,128403,卖盘
09:42:09,38.93,-0.56%,+0.02,25,97325,买盘
09:42:24,38.9,-0.64%,-0.03,1,3890,卖盘
09:42:27,38.93,-0.56%,+0.03,54,210222,买盘
09:42:30,38.93,-0.56%,--,6,23358,买盘
09:42:36,38.93,-0.56%,--,69,268617,买盘
09:42:39,38.92,-0.59%,-0.01,20,77840,买盘
09:42:48,38.93,-0.56%,+0.01,33,128469,买盘
09:42:57,38.98,-0.43%,+0.05,27,105246,买盘
09:43:03,38.96,-0.49%,-0.02,7,27272,卖盘
09:43:06,39.01,-0.36%,+0.05,5,19505,买盘
09:43:09,38.96,-0.49%,-0.05,3,11688,卖盘
09:43:27,39.02,-0.33%,+0.06,18,70236,买盘
09:43:30,38.97,-0.46%,-0.05,1,3897,卖盘
09:43:36,39.03,-0.31%,+0.06,6,23418,买盘
09:43:48,39.04,-0.28%,+0.01,6,23424,买盘
09:43:54,39.04,-0.28%,--,2,7808,买盘
09:43:57,39.02,-0.33%,-0.02,10,39020,卖盘
09:44:06,39.04,-0.28%,+0.02,1,3904,中性盘
09:44:12,39.04,-0.28%,--,4,15616,买盘
09:44:15,39.02,-0.33%,-0.02,2,7804,卖盘
09:44:21,39.05,-0.26%,+0.03,12,46860,买盘
09:44:21,39.05,-0.26%,--,12,46860,中性盘
09:44:36,39.05,-0.26%,--,1,3905,买盘
09:44:42,39.06,-0.23%,+0.01,11,42966,买盘
09:44:51,39.06,-0.23%,--,15,58590,买盘
09:44:54,39.05,-0.26%,-0.01,12,46860,卖盘
09:44:57,39.06,-0.23%,+0.01,1,3906,买盘
09:45:03,39.08,-0.18%,+0.02,5,19540,买盘
09:45:12,39.12,-0.08%,+0.04,1,3912,中性盘
09:45:33,39.08,-0.18%,-0.04,10,39080,卖盘
09:45:39,39.12,-0.08%,+0.04,75,293400,中性盘
09:45:48,39.12,-0.08%,--,6,23472,买盘
09:46:03,39.12,-0.08%,--,10,39120,买盘
09:46:06,39.11,-0.10%,-0.01,3,11733,买盘
09:46:09,39.06,-0.23%,-0.05,8,31248,卖盘
09:46:12,39.06,-0.23%,--,4,15624,买盘
09:46:15,39.06,-0.23%,--,13,50778,买盘
09:46:18,39.05,-0.26%,-0.01,9,35145,卖盘
09:46:21,39.06,-0.23%,+0.01,5,19530,买盘
09:46:24,39.11,-0.10%,+0.05,7,27377,买盘
09:46:30,39.12,-0.08%,+0.01,3,11736,买盘
09:46:45,39.12,-0.08%,--,3,11736,买盘
09:46:48,39.11,-0.10%,-0.01,49,191639,卖盘
09:46:54,39.11,-0.10%,--,10,39110,买盘
09:47:15,39.07,-0.20%,-0.04,8,31256,中性盘
09:47:18,39.05,-0.26%,-0.02,24,93720,卖盘
09:47:21,39.06,-0.23%,+0.01,3,11718,买盘
09:47:33,39.06,-0.23%,--,7,27342,买盘
09:47:36,39.05,-0.26%,-0.01,27,105435,中性盘
09:47:39,39.02,-0.33%,-0.03,23,89746,卖盘
09:47:42,39.01,-0.36%,-0.01,5,19505,卖盘
09:47:57,39.01,-0.36%,--,4,15604,卖盘
09:48:00,39.03,-0.31%,+0.02,5,19515,买盘
09:48:09,39.01,-0.36%,-0.02,13,50713,卖盘
09:48:12,39.0,-0.38%,-0.01,30,117000,卖盘
09:48:21,39.0,-0.38%,--,2,7800,中性盘
09:48:39,38.98,-0.43%,-0.02,10,38980,卖盘
09:48:54,39.0,-0.38%,+0.02,6,23400,中性盘
09:49:15,38.99,-0.41%,-0.01,16,62384,卖盘
09:49:24,39.0,-0.38%,+0.01,11,42900,买盘
09:49:30,38.99,-0.41%,-0.01,5,19495,卖盘
09:49:54,38.99,-0.41%,--,10,38990,卖盘
09:49:57,38.99,-0.41%,--,2,7798,卖盘
09:50:09,39.0,-0.38%,+0.01,66,257400,买盘
09:50:15,38.98,-0.43%,-0.02,8,31184,卖盘
09:50:42,38.97,-0.46%,-0.01,43,167571,卖盘
09:50:48,38.99,-0.41%,+0.02,1,3899,买盘
09:50:48,38.99,-0.41%,-0.03,1,3899,中性盘
09:50:54,38.96,-0.49%,-0.03,85,331160,卖盘
09:50:57,38.97,-0.46%,+0.01,5,19485,买盘
09:51:03,38.97,-0.46%,--,6,23382,买盘
09:51:09,38.95,-0.51%,-0.02,3,11685,卖盘
09:51:12,38.95,-0.51%,--,1,3895,卖盘
09:51:15,38.95,-0.51%,--,11,42845,卖盘
09:51:18,38.91,-0.61%,-0.04,26,101166,卖盘
09:51:21,38.91,-0.61%,--,8,31128,卖盘
09:51:24,38.9,-0.64%,-0.01,27,105030,卖盘
09:51:27,38.88,-0.69%,-0.02,45,174960,卖盘
09:51:30,38.88,-0.69%,--,1,3888,卖盘
09:51:42,38.88,-0.69%,--,4,15552,卖盘
09:51:45,38.89,-0.66%,+0.01,12,46668,买盘
09:51:51,38.89,-0.66%,--,16,62224,买盘
09:51:54,38.92,-0.59%,+0.03,3,11676,买盘
09:52:24,38.89,-0.66%,-0.03,2,7778,卖盘
09:52:27,38.92,-0.59%,+0.03,17,66164,买盘
09:52:30,39.0,-0.38%,+0.08,51,198900,买盘
09:52:33,39.0,-0.38%,--,1,3900,中性盘
09:52:36,38.89,-0.66%,-0.11,73,283897,卖盘
09:52:42,38.93,-0.56%,+0.04,3,11679,中性盘
09:52:57,39.0,-0.38%,+0.07,2,7800,中性盘
09:53:18,38.94,-0.54%,-0.06,11,42834,中性盘
09:53:30,39.0,-0.38%,+0.06,15,58500,买盘
09:53:33,38.9,-0.64%,-0.1,70,272300,卖盘
09:53:57,38.93,-0.56%,+0.03,4,15572,中性盘
09:54:06,38.93,-0.56%,-0.02,16,62288,卖盘
09:54:09,38.95,-0.51%,+0.02,1,3895,买盘
09:54:15,38.93,-0.56%,-0.02,4,15572,卖盘
09:54:18,38.93,-0.56%,--,11,42823,买盘
09:54:30,38.95,-0.51%,+0.02,1,3895,中性盘
09:54:33,38.93,-0.56%,-0.02,9,35037,卖盘
09:54:48,38.92,-0.59%,-0.01,6,23352,卖盘
09:54:51,38.92,-0.59%,--,4,15568,买盘
09:54:57,38.92,-0.59%,-0.01,2,7784,卖盘
09:55:06,38.93,-0.56%,+0.01,2,7786,买盘
09:55:30,38.92,-0.59%,-0.01,1,3892,中性盘
09:55:36,38.93,-0.56%,+0.01,11,42823,买盘
09:55:48,38.91,-0.61%,-0.02,23,89493,卖盘
09:55:54,38.93,-0.56%,+0.02,67,260831,买盘
09:56:00,38.93,-0.56%,--,1,3893,买盘
09:56:03,38.9,-0.64%,-0.03,113,439570,卖盘
09:56:09,38.92,-0.59%,+0.02,5,19460,中性盘
09:56:12,38.92,-0.59%,--,53,206276,卖盘
09:56:18,38.92,-0.59%,--,10,38920,卖盘
09:56:24,38.92,-0.59%,--,5,19460,卖盘
09:56:36,38.92,-0.59%,--,3,11676,卖盘
09:56:39,38.88,-0.69%,-0.04,51,198288,卖盘
09:56:54,38.92,-0.59%,+0.04,5,19460,中性盘
09:57:06,38.92,-0.59%,--,9,35028,卖盘
09:57:12,38.92,-0.59%,--,19,73948,卖盘
09:57:15,38.88,-0.69%,-0.04,21,81648,卖盘
09:57:15,38.88,-0.69%,--,21,81648,中性盘
09:57:21,38.92,-0.59%,+0.04,2,7784,买盘
09:57:30,38.92,-0.59%,--,10,38920,买盘
09:57:33,38.87,-0.72%,-0.05,10,38870,卖盘
09:57:42,38.86,-0.74%,-0.01,41,159326,卖盘
09:57:48,38.87,-0.72%,+0.01,3,11661,中性盘
09:58:15,38.88,-0.69%,+0.01,4,15552,中性盘
09:58:18,38.86,-0.74%,-0.02,1,3886,卖盘
09:58:21,38.86,-0.74%,--,4,15544,卖盘
09:58:33,38.86,-0.74%,--,2,7772,卖盘
09:58:36,38.87,-0.72%,+0.01,25,97175,买盘
09:58:39,38.87,-0.72%,--,13,50531,卖盘
09:58:45,38.87,-0.72%,--,14,54418,卖盘
09:58:51,38.87,-0.72%,--,7,27209,卖盘
09:59:00,38.9,-0.64%,+0.03,12,46680,买盘
09:59:12,38.86,-0.74%,-0.04,4,15544,卖盘
09:59:21,38.86,-0.74%,--,94,365284,卖盘
09:59:24,38.83,-0.82%,-0.03,286,1110538,卖盘
09:59:27,38.83,-0.82%,--,1,3883,中性盘
09:59:30,38.8,-0.89%,-0.03,10,38800,卖盘
10:00:00,38.8,-0.89%,--,22,85360,卖盘
10:00:06,38.77,-0.97%,-0.03,25,96925,卖盘
10:00:09,38.8,-0.89%,+0.03,4,15520,买盘
10:00:24,38.79,-0.92%,+0.01,61,236619,中性盘
10:00:27,38.78,-0.95%,-0.01,6,23268,卖盘
10:00:30,38.78,-0.95%,--,6,23268,买盘
10:00:33,38.78,-0.95%,--,9,34902,中性盘
10:00:48,38.77,-0.97%,-0.01,8,31016,卖盘
10:00:54,38.76,-1.00%,-0.01,82,317832,卖盘
10:00:57,38.77,-0.97%,+0.01,7,27139,买盘
10:01:09,38.77,-0.97%,--,4,15508,买盘
10:01:18,38.77,-0.97%,+0.01,35,135695,买盘
10:01:21,38.76,-1.00%,-0.01,27,104652,中性盘
10:01:24,38.76,-1.00%,--,10,38760,卖盘
10:01:36,38.77,-0.97%,-0.01,36,139572,卖盘
10:01:39,38.77,-0.97%,--,20,77540,中性盘
10:01:51,38.82,-0.84%,+0.05,3,11646,买盘
10:02:15,38.81,-0.87%,-0.02,10,38810,卖盘
10:02:21,38.82,-0.84%,+0.01,2,7764,买盘
10:02:24,38.82,-0.84%,--,3,11646,买盘
10:02:30,38.79,-0.92%,-0.03,146,566334,卖盘
10:02:33,38.76,-1.00%,-0.03,9,34884,卖盘
10:02:39,38.76,-1.00%,--,13,50388,卖盘
10:02:42,38.81,-0.87%,+0.05,2,7762,买盘
10:02:48,38.77,-0.97%,-0.04,8,31016,卖盘
10:02:54,38.81,-0.87%,+0.04,13,50453,买盘
10:02:57,38.77,-0.97%,-0.04,10,38770,中性盘
10:03:00,38.76,-1.00%,-0.01,10,38760,卖盘
10:03:03,38.76,-1.00%,--,1,3876,卖盘
10:03:06,38.77,-0.97%,+0.01,5,19385,卖盘
10:03:09,38.78,-0.95%,+0.01,3,11634,卖盘
10:03:12,38.76,-1.00%,-0.02,15,58140,卖盘
10:03:15,38.78,-0.95%,+0.02,1,3878,买盘
10:03:27,38.78,-0.95%,--,5,19390,买盘
10:03:36,38.78,-0.95%,-0.01,33,127974,卖盘
10:03:42,38.79,-0.92%,+0.01,1,3879,买盘
10:03:42,38.79,-0.92%,-0.01,1,3879,中性盘
10:03:51,38.78,-0.95%,-0.01,1,3878,买盘
10:03:57,38.77,-0.97%,-0.01,6,23262,卖盘
10:04:06,38.76,-1.00%,-0.01,70,271320,卖盘
10:04:09,38.76,-1.00%,--,7,27132,卖盘
10:04:21,38.78,-0.95%,+0.02,5,19390,买盘
10:04:27,38.78,-0.95%,--,4,15512,买盘
10:04:33,38.75,-1.02%,-0.03,69,267375,卖盘
10:04:39,38.78,-0.95%,+0.03,2,7756,卖盘
10:04:42,38.79,-0.92%,+0.01,5,19395,买盘
10:05:03,38.79,-0.92%,--,5,19395,卖盘
10:05:09,38.79,-0.92%,--,3,11637,中性盘
10:05:12,38.8,-0.89%,+0.01,16,62080,买盘
10:05:18,38.81,-0.87%,+0.01,1,3881,买盘
10:05:21,38.81,-0.87%,--,11,42691,买盘
10:05:24,38.79,-0.92%,-0.02,2,7758,卖盘
10:05:30,38.81,-0.87%,+0.02,5,19405,买盘
10:05:45,38.8,-0.89%,-0.01,1,3880,中性盘
10:05:54,38.79,-0.92%,-0.01,10,38790,卖盘
10:06:00,38.8,-0.89%,+0.01,4,15520,买盘
10:06:09,38.85,-0.77%,+0.05,214,831390,买盘
10:06:24,38.85,-0.77%,--,15,58275,买盘
10:06:33,38.85,-0.77%,--,1,3885,中性盘
10:06:36,38.88,-0.69%,+0.03,7,27216,买盘
10:06:39,38.85,-0.77%,-0.03,3,11655,卖盘
10:06:45,38.85,-0.77%,--,7,27195,卖盘
10:07:00,38.85,-0.77%,--,5,19425,买盘
10:07:06,38.85,-0.77%,--,6,23310,买盘
10:07:12,38.85,-0.77%,--,9,34965,买盘
10:07:15,38.85,-0.77%,--,15,58275,卖盘
10:07:21,38.87,-0.72%,+0.02,6,23322,买盘
10:07:30,38.83,-0.82%,-0.04,16,62128,卖盘
10:07:39,38.85,-0.77%,+0.02,6,23310,买盘
10:07:45,38.82,-0.84%,-0.03,6,23292,卖盘
10:07:48,38.82,-0.84%,--,1,3882,中性盘
10:07:51,38.85,-0.77%,+0.03,3,11655,买盘
10:07:57,38.81,-0.87%,-0.04,1,3881,卖盘
10:08:00,38.81,-0.87%,--,2,7762,买盘
10:08:09,38.8,-0.89%,-0.01,4,15520,卖盘
10:08:12,38.81,-0.87%,+0.01,2,7762,买盘
10:08:15,38.81,-0.87%,--,1,3881,买盘
10:08:18,38.8,-0.89%,-0.01,9,34920,卖盘
10:08:21,38.79,-0.92%,-0.01,60,232740,卖盘
10:08:24,38.79,-0.92%,--,15,58185,买盘
10:08:27,38.79,-0.92%,--,26,100854,买盘
10:08:30,38.79,-0.92%,--,12,46548,买盘
10:08:33,38.79,-0.92%,--,305,1183095,卖盘
10:08:39,38.79,-0.92%,--,4,15516,卖盘
10:08:42,38.77,-0.97%,-0.02,11,42647,卖盘
10:08:57,38.76,-1.00%,-0.01,33,127908,卖盘
10:09:12,38.76,-1.00%,+0.01,31,120156,中性盘
10:09:18,38.75,-1.02%,-0.01,1,3875,卖盘
10:09:27,38.75,-1.02%,--,21,81375,卖盘
10:09:30,38.75,-1.02%,--,6,23250,卖盘
10:09:42,38.75,-1.02%,--,15,58125,卖盘
10:09:51,38.74,-1.05%,-0.01,32,123968,卖盘
10:09:54,38.74,-1.05%,--,6,23244,卖盘
10:09:57,38.74,-1.05%,--,16,61984,卖盘
10:10:00,38.75,-1.02%,+0.01,4,15500,买盘
10:10:03,38.73,-1.07%,-0.02,20,77460,卖盘
10:10:03,38.73,-1.07%,--,20,77460,中性盘
10:10:15,38.74,-1.05%,+0.01,8,30992,买盘
10:10:18,38.72,-1.10%,-0.02,26,100672,卖盘
10:10:24,38.73,-1.07%,+0.01,1,3873,中性盘
10:10:36,38.73,-1.07%,--,14,54222,卖盘
10:10:51,38.73,-1.07%,+0.01,4,15492,买盘
10:10:54,38.72,-1.10%,-0.01,14,54208,卖盘
10:10:54,38.72,-1.10%,--,14,54208,卖盘
10:11:00,38.73,-1.07%,+0.01,2,7746,买盘
10:11:03,38.73,-1.07%,--,1,3873,卖盘
10:11:06,38.73,-1.07%,--,52,201396,卖盘
10:11:09,38.72,-1.10%,-0.01,34,131648,卖盘
10:11:09,38.72,-1.10%,--,34,131648,卖盘
10:11:21,38.73,-1.07%,+0.01,9,34857,中性盘
10:11:21,38.73,-1.07%,--,9,34857,卖盘
10:11:24,38.73,-1.07%,--,11,42603,买盘
10:11:33,38.73,-1.07%,--,30,116190,买盘
10:11:36,38.73,-1.07%,--,10,38730,买盘
10:11:36,38.73,-1.07%,--,10,38730,卖盘
10:11:48,38.73,-1.07%,--,5,19365,卖盘
10:11:48,38.73,-1.07%,--,5,19365,买盘
10:11:51,38.73,-1.07%,--,1,3873,买盘
10:12:00,38.73,-1.07%,--,13,50349,买盘
10:12:06,38.73,-1.07%,--,8,30984,买盘
10:12:06,38.73,-1.07%,--,8,30984,中性盘
10:12:12,38.72,-1.10%,-0.01,3,11616,卖盘
10:12:12,38.72,-1.10%,--,3,11616,卖盘
10:12:27,38.75,-1.02%,+0.03,6,23250,买盘
10:12:33,38.72,-1.10%,-0.03,47,181984,卖盘
10:12:36,38.75,-1.02%,+0.03,1,3875,买盘
10:12:42,38.84,-0.79%,+0.09,29,112636,买盘
10:12:45,38.72,-1.10%,-0.12,26,100672,卖盘
10:12:54,38.72,-1.10%,--,5,19360,卖盘
10:12:57,38.79,-0.92%,+0.07,12,46548,买盘
10:13:30,38.79,-0.92%,--,5,19395,中性盘
10:13:42,38.79,-0.92%,--,10,38790,买盘
10:13:45,38.75,-1.02%,-0.04,14,54250,卖盘
10:13:57,38.79,-0.92%,+0.04,5,19395,买盘
10:14:12,38.76,-1.00%,-0.03,4,15504,卖盘
10:14:18,38.79,-0.92%,+0.03,2,7758,买盘
10:14:57,38.79,-0.92%,--,1,3879,买盘
10:15:12,38.78,-0.95%,-0.01,31,120218,中性盘
10:15:18,38.77,-0.97%,-0.01,13,50401,卖盘
10:15:30,38.77,-0.97%,--,5,19385,买盘
10:15:39,38.77,-0.97%,--,2,7754,买盘
10:15:45,38.77,-0.97%,--,1,3877,买盘
10:16:00,38.76,-1.00%,-0.01,6,23256,卖盘
10:16:06,38.76,-1.00%,--,5,19380,买盘
10:16:21,38.76,-1.00%,--,6,23256,卖盘
10:16:24,38.77,-0.97%,+0.01,76,294652,买盘
10:16:27,38.76,-1.00%,-0.01,2,7752,卖盘
10:16:30,38.76,-1.00%,--,1,3876,买盘
10:16:36,38.74,-1.05%,-0.02,13,50362,卖盘
10:16:36,38.74,-1.05%,--,13,50362,中性盘
10:16:57,38.73,-1.07%,-0.01,11,42603,卖盘
10:17:03,38.73,-1.07%,--,8,30984,卖盘
10:17:06,38.84,-0.79%,+0.11,280,1087520,买盘
10:17:09,38.85,-0.77%,+0.01,22,85470,买盘
10:17:12,38.88,-0.69%,+0.03,8,31104,买盘
10:17:24,38.88,-0.69%,--,6,23328,中性盘
10:17:30,38.88,-0.69%,--,6,23328,买盘
10:17:36,38.87,-0.72%,-0.01,8,31096,中性盘
10:17:57,38.87,-0.72%,--,1,3887,买盘
10:18:15,38.81,-0.87%,-0.06,16,65822,卖盘
10:18:30,38.82,-0.84%,+0.01,5,19410,买盘
10:18:36,38.85,-0.77%,+0.03,1,3885,买盘
10:18:42,38.82,-0.84%,-0.03,16,62112,卖盘
10:19:03,38.82,-0.84%,--,4,15528,买盘
10:19:06,38.8,-0.89%,-0.02,3,11640,卖盘
10:19:12,38.8,-0.89%,--,4,15520,卖盘
10:19:24,38.73,-1.07%,-0.07,30,116190,卖盘
10:19:30,38.73,-1.07%,--,4,15492,卖盘
10:19:48,38.73,-1.07%,--,11,42603,卖盘
10:19:54,38.73,-1.07%,--,3,11619,买盘
10:20:03,38.73,-1.07%,--,55,213015,买盘
10:20:06,38.73,-1.07%,--,18,69714,卖盘
10:20:09,38.72,-1.10%,-0.01,101,391072,卖盘
10:20:12,38.74,-1.05%,+0.02,5,19370,中性盘
10:20:18,38.74,-1.05%,--,5,19370,买盘
10:20:21,38.74,-1.05%,--,1,3874,买盘
10:20:24,38.74,-1.05%,--,3,11622,买盘
10:20:27,38.74,-1.05%,--,2,7748,卖盘
10:20:30,38.74,-1.05%,--,4,15496,中性盘
10:20:39,38.72,-1.10%,-0.02,35,135520,卖盘
10:20:45,38.72,-1.10%,--,1,3872,卖盘
10:20:48,38.74,-1.05%,+0.02,20,77480,买盘
10:20:51,38.78,-0.95%,+0.04,1,3878,买盘
10:21:09,38.78,-0.95%,--,2,7756,买盘
10:21:51,38.77,-0.97%,-0.01,1,3877,中性盘
10:21:54,38.77,-0.97%,--,1,3877,卖盘
10:22:03,38.77,-0.97%,--,7,27139,买盘
10:22:15,38.78,-0.95%,+0.01,2,7756,买盘
10:22:48,38.78,-0.95%,--,51,197778,买盘
10:22:51,38.82,-0.84%,+0.04,44,170808,买盘
10:23:00,38.85,-0.77%,+0.03,7,27195,买盘
10:23:00,38.85,-0.77%,--,7,27195,中性盘
10:23:09,38.85,-0.77%,--,1,3885,买盘
10:23:33,38.83,-0.82%,-0.02,1,3883,中性盘
10:23:39,38.85,-0.77%,+0.02,3,11655,买盘
10:23:42,38.85,-0.77%,--,3,11655,买盘
10:23:45,38.85,-0.77%,--,2,7770,买盘
10:23:48,38.85,-0.77%,--,12,46620,买盘
10:24:06,38.85,-0.77%,--,10,38850,买盘
10:24:09,38.88,-0.69%,+0.03,93,361584,买盘
10:24:12,38.92,-0.59%,+0.04,12,46704,买盘
10:24:18,38.92,-0.59%,--,6,23352,买盘
10:24:27,38.92,-0.59%,--,8,31136,中性盘
10:24:30,38.95,-0.51%,+0.03,1,3895,买盘
10:24:48,38.95,-0.51%,--,1,3895,买盘
10:24:51,38.95,-0.51%,--,2,7790,买盘
10:24:54,38.95,-0.51%,--,31,120745,买盘
10:24:57,38.95,-0.51%,--,8,31160,卖盘
10:25:00,38.99,-0.41%,+0.04,2,7798,买盘
10:25:03,38.99,-0.41%,--,14,54586,买盘
10:25:06,38.99,-0.41%,--,4,15596,买盘
10:25:12,38.98,-0.43%,-0.01,1,3898,中性盘
10:25:15,38.98,-0.43%,--,1,3898,买盘
10:25:18,38.99,-0.41%,+0.01,3,11697,买盘
10:25:30,38.96,-0.49%,-0.03,20,77920,卖盘
10:25:33,38.95,-0.51%,-0.01,8,31160,卖盘
10:26:12,38.94,-0.54%,-0.01,1,3894,卖盘
10:26:15,38.9,-0.64%,-0.04,49,190610,卖盘
10:26:39,38.89,-0.66%,-0.01,1,3889,卖盘
10:26:42,38.9,-0.64%,+0.01,2,7780,买盘
10:26:51,38.87,-0.72%,-0.03,1,3887,卖盘
10:26:54,38.89,-0.66%,+0.02,1,3889,中性盘
10:27:15,38.88,-0.69%,-0.01,11,42768,中性盘
10:27:27,38.9,-0.64%,+0.02,56,217840,买盘
10:27:30,38.91,-0.61%,+0.01,4,15564,买盘
10:27:33,38.91,-0.61%,--,3,11673,买盘
10:27:39,38.91,-0.61%,--,2,7782,买盘
10:27:42,38.89,-0.66%,-0.02,6,23334,卖盘
10:27:48,38.9,-0.64%,+0.01,16,62240,卖盘
10:27:54,38.91,-0.61%,+0.01,2,7782,买盘
10:28:12,38.89,-0.66%,-0.02,54,210006,卖盘
10:28:18,38.85,-0.77%,-0.04,5,19425,卖盘
10:28:27,38.83,-0.82%,-0.02,3,11649,卖盘
10:28:42,38.83,-0.82%,--,5,19415,卖盘
10:29:09,38.83,-0.82%,--,2,7766,买盘
10:29:15,38.8,-0.89%,-0.03,27,104760,卖盘
10:29:21,38.8,-0.89%,--,7,27160,中性盘
10:29:42,38.8,-0.89%,--,2,7760,中性盘
10:29:48,38.83,-0.82%,+0.03,8,31064,买盘
10:30:27,38.82,-0.84%,-0.01,2,7764,中性盘
10:30:33,38.83,-0.82%,+0.01,1,3883,买盘
10:30:36,38.8,-0.89%,-0.03,21,81480,卖盘
10:30:48,38.8,-0.89%,--,3,11640,卖盘
10:31:09,38.8,-0.89%,--,9,34920,卖盘
10:31:24,38.8,-0.89%,--,8,31040,卖盘
10:31:54,38.8,-0.89%,--,10,38800,卖盘
10:31:57,38.81,-0.87%,+0.01,10,38810,买盘
10:32:03,38.81,-0.87%,--,3,11643,买盘
10:32:12,38.83,-0.82%,+0.02,17,66011,买盘
10:32:15,38.85,-0.77%,+0.02,58,225330,买盘
10:32:18,38.89,-0.66%,+0.04,9,35001,买盘
10:32:30,38.89,-0.66%,--,2,7778,买盘
10:32:45,38.88,-0.69%,-0.01,5,19440,中性盘
10:32:51,38.83,-0.82%,-0.05,74,287342,卖盘
10:32:54,38.83,-0.82%,--,10,38830,卖盘
10:33:00,38.84,-0.79%,+0.01,10,38840,买盘
10:33:15,38.82,-0.84%,-0.02,8,31056,卖盘
10:33:24,38.81,-0.87%,-0.01,1,3881,卖盘
10:33:27,38.81,-0.87%,--,1,3881,卖盘
10:33:48,38.81,-0.87%,--,8,31048,卖盘
10:34:00,38.81,-0.87%,--,3,11643,卖盘
10:34:03,38.81,-0.87%,--,6,23286,买盘
10:34:06,38.82,-0.84%,+0.01,4,15528,买盘
10:34:09,38.8,-0.89%,-0.02,26,100880,卖盘
10:34:39,38.79,-0.92%,-0.01,8,31032,卖盘
10:34:57,38.78,-0.95%,-0.01,7,27146,卖盘
10:35:03,38.77,-0.97%,-0.01,14,54278,卖盘
10:35:09,38.77,-0.97%,--,4,15508,卖盘
10:35:12,38.75,-1.02%,-0.02,24,93000,卖盘
10:35:15,38.71,-1.12%,-0.04,44,170324,卖盘
10:35:18,38.73,-1.07%,+0.02,2,7746,买盘
10:35:33,38.71,-1.12%,-0.02,5,19355,卖盘
10:35:36,38.71,-1.12%,--,9,34839,卖盘
10:35:39,38.71,-1.12%,--,1,3871,买盘
10:35:57,38.7,-1.15%,-0.01,50,193500,卖盘
10:35:57,38.7,-1.15%,--,50,193500,中性盘
10:36:03,38.7,-1.15%,--,8,30960,卖盘
10:36:15,38.7,-1.15%,--,4,15480,卖盘
10:36:21,38.7,-1.15%,--,7,27090,卖盘
10:36:39,38.71,-1.12%,+0.01,1,3871,买盘
10:36:42,38.71,-1.12%,--,6,23226,买盘
10:36:45,38.7,-1.15%,-0.01,28,108360,卖盘
10:36:57,38.7,-1.15%,--,51,197370,买盘
10:37:03,38.69,-1.17%,-0.01,31,119939,卖盘
10:37:12,38.7,-1.15%,+0.01,11,42570,买盘
10:37:18,38.69,-1.17%,-0.01,5,19345,中性盘
10:37:39,38.69,-1.17%,--,7,27083,卖盘
10:37:51,38.68,-1.20%,-0.01,10,38680,卖盘
10:38:15,38.68,-1.20%,--,3,11604,卖盘
10:38:36,38.69,-1.17%,--,1,3869,卖盘
10:39:03,38.68,-1.20%,-0.01,1,3868,卖盘
10:39:06,38.69,-1.17%,+0.01,8,30952,买盘
10:39:09,38.69,-1.17%,--,21,81249,买盘
10:39:12,38.7,-1.15%,+0.01,71,274770,买盘
10:39:30,38.7,-1.15%,+0.01,6,23220,买盘
10:39:42,38.69,-1.17%,-0.01,11,42559,卖盘
10:39:45,38.7,-1.15%,+0.01,5,19350,买盘
10:39:51,38.69,-1.17%,-0.01,7,27083,卖盘
10:40:06,38.7,-1.15%,+0.01,5,19350,中性盘
10:40:09,38.7,-1.15%,--,6,23220,买盘
10:40:21,38.69,-1.17%,-0.01,1,3869,卖盘
10:40:24,38.69,-1.17%,--,9,34821,卖盘
10:40:33,38.69,-1.17%,--,8,30952,卖盘
10:40:54,38.69,-1.17%,--,19,73511,卖盘
10:40:57,38.7,-1.15%,+0.01,19,73530,买盘
10:41:03,38.7,-1.15%,--,5,19350,买盘
10:41:12,38.7,-1.15%,--,1,3870,买盘
10:41:24,38.69,-1.17%,-0.01,6,23214,卖盘
10:41:30,38.7,-1.15%,+0.01,3,11610,买盘
10:41:39,38.69,-1.17%,-0.01,5,19345,卖盘
10:41:45,38.69,-1.17%,--,25,96725,卖盘
10:41:54,38.68,-1.20%,-0.01,2,7736,卖盘
10:41:57,38.69,-1.17%,+0.01,3,11607,买盘
10:42:06,38.68,-1.20%,-0.01,8,30944,卖盘
10:42:12,38.68,-1.20%,--,9,34812,卖盘
10:42:12,38.68,-1.20%,--,9,34812,中性盘
10:42:36,38.68,-1.20%,--,8,30944,卖盘
10:42:51,38.68,-1.20%,--,4,15472,卖盘
10:43:00,38.68,-1.20%,--,5,19340,买盘
10:43:03,38.68,-1.20%,--,1,3868,买盘
10:43:06,38.67,-1.23%,-0.01,3,11601,卖盘
10:43:18,38.67,-1.23%,--,9,34803,卖盘
10:43:27,38.67,-1.23%,--,3,11601,卖盘
10:43:36,38.67,-1.23%,--,20,77340,卖盘
10:43:39,38.68,-1.20%,+0.01,14,54152,买盘
10:43:57,38.68,-1.20%,--,9,34812,买盘
10:44:27,38.68,-1.20%,--,10,38680,买盘
10:44:33,38.67,-1.23%,-0.01,6,23202,卖盘
10:44:36,38.68,-1.20%,+0.01,21,81228,买盘
10:44:54,38.69,-1.17%,+0.01,10,38690,买盘
10:44:57,38.69,-1.17%,--,1,3869,买盘
10:45:24,38.69,-1.17%,--,7,27083,买盘
10:45:42,38.69,-1.17%,--,16,61904,买盘
10:45:54,38.69,-1.17%,--,25,96725,买盘
10:46:00,38.69,-1.17%,--,6,23214,买盘
10:46:03,38.69,-1.17%,--,5,19345,买盘
10:46:09,38.69,-1.17%,--,8,30952,买盘
10:46:12,38.7,-1.15%,+0.01,91,352170,买盘
10:46:15,38.73,-1.07%,+0.03,54,209142,买盘
10:46:21,38.73,-1.07%,--,4,15492,买盘
10:46:24,38.73,-1.07%,--,2,7746,买盘
10:46:33,38.75,-1.02%,+0.02,10,38750,买盘
10:46:36,38.75,-1.02%,--,1,3875,买盘
10:46:42,38.78,-0.95%,+0.03,8,31024,买盘
10:46:48,38.78,-0.95%,--,1,3878,买盘
10:46:54,38.76,-1.00%,-0.02,6,23256,卖盘
10:46:57,38.78,-0.95%,+0.02,2,7756,买盘
10:47:00,38.79,-0.92%,+0.01,2,7758,中性盘
10:47:09,38.8,-0.89%,+0.01,1,3880,买盘
10:47:12,38.79,-0.92%,-0.01,3,11637,卖盘
10:47:15,38.79,-0.92%,--,18,69822,买盘
10:47:18,38.76,-1.00%,-0.03,1,3876,卖盘
10:47:27,38.76,-1.00%,--,4,15504,卖盘
10:47:45,38.76,-1.00%,--,6,23256,买盘
10:48:03,38.73,-1.07%,-0.03,8,30984,卖盘
10:48:30,38.7,-1.15%,-0.03,11,42570,卖盘
10:48:39,38.7,-1.15%,--,22,85140,卖盘
10:48:42,38.73,-1.07%,+0.03,5,19365,买盘
10:48:42,38.73,-1.07%,--,5,19365,中性盘
10:48:54,38.73,-1.07%,--,7,27111,买盘
10:48:57,38.68,-1.20%,-0.05,131,506708,卖盘
10:49:00,38.68,-1.20%,--,19,73492,买盘
10:49:03,38.68,-1.20%,--,10,38680,卖盘
10:49:06,38.68,-1.20%,--,3,11604,买盘
10:49:09,38.73,-1.07%,+0.05,14,54222,买盘
10:49:15,38.69,-1.17%,-0.04,5,19345,卖盘
10:49:24,38.73,-1.07%,+0.04,2,7746,买盘
10:49:27,38.69,-1.17%,-0.04,2,7738,卖盘
10:49:42,38.7,-1.15%,+0.01,14,54180,买盘
10:49:45,38.7,-1.15%,--,6,23220,卖盘
10:49:57,38.69,-1.17%,-0.01,8,30952,卖盘
10:50:18,38.69,-1.17%,--,4,15476,买盘
10:50:27,38.69,-1.17%,--,2,7738,买盘
10:50:30,38.68,-1.20%,-0.01,42,162456,卖盘
10:50:51,38.67,-1.23%,-0.01,4,15468,卖盘
10:51:00,38.67,-1.23%,--,24,92808,卖盘
10:51:09,38.67,-1.23%,--,10,38670,卖盘
10:51:12,38.67,-1.23%,--,1,3867,卖盘
10:51:15,38.66,-1.25%,-0.01,5,19330,卖盘
10:51:24,38.67,-1.23%,+0.01,5,19335,买盘
10:51:33,38.66,-1.25%,-0.01,46,177836,卖盘
10:51:39,38.66,-1.25%,--,2,7732,卖盘
10:51:45,38.65,-1.28%,-0.01,12,46380,卖盘
10:52:03,38.63,-1.33%,-0.02,5,19315,卖盘
10:52:09,38.63,-1.33%,--,8,30904,卖盘
10:52:21,38.63,-1.33%,--,2,7726,卖盘
10:52:36,38.61,-1.38%,-0.02,16,61776,卖盘
10:52:45,38.61,-1.38%,--,6,23166,卖盘
10:52:54,38.61,-1.38%,--,3,11583,卖盘
10:52:57,38.6,-1.40%,-0.01,18,69480,卖盘
10:53:00,38.61,-1.38%,+0.01,5,19305,卖盘
10:53:09,38.61,-1.38%,--,5,19305,买盘
10:53:15,38.61,-1.38%,--,3,11583,买盘
10:53:18,38.61,-1.38%,--,4,15444,买盘
10:53:21,38.61,-1.38%,--,23,88803,买盘
10:53:39,38.61,-1.38%,--,7,27027,卖盘
10:53:57,38.63,-1.33%,+0.02,13,50219,买盘
10:54:03,38.62,-1.35%,-0.01,4,15448,买盘
10:54:27,38.61,-1.38%,-0.01,19,73359,卖盘
10:54:54,38.61,-1.38%,--,10,38610,卖盘
10:55:00,38.61,-1.38%,--,5,19305,卖盘
10:55:03,38.61,-1.38%,--,1,3861,卖盘
10:55:15,38.61,-1.38%,--,8,30888,卖盘
10:55:15,38.61,-1.38%,--,8,30888,中性盘
10:55:30,38.61,-1.38%,--,25,96525,卖盘
10:55:36,38.6,-1.40%,-0.01,3,11580,卖盘
10:55:42,38.61,-1.38%,+0.01,3,11583,买盘
10:55:45,38.62,-1.35%,+0.01,42,162204,买盘
10:56:03,38.63,-1.33%,+0.01,3,11589,买盘
10:56:09,38.63,-1.33%,--,1,3863,买盘
10:56:12,38.63,-1.33%,--,4,15452,买盘
10:56:15,38.64,-1.30%,+0.01,6,23184,买盘
10:56:24,38.64,-1.30%,--,11,42504,买盘
10:56:30,38.65,-1.28%,+0.01,3,11595,买盘
10:56:42,38.66,-1.25%,+0.01,7,27062,买盘
10:56:45,38.66,-1.25%,--,5,19330,买盘
10:56:57,38.66,-1.25%,--,6,23196,买盘
10:57:00,38.66,-1.25%,--,21,81186,买盘
10:57:06,38.66,-1.25%,--,2,7732,买盘
10:57:09,38.66,-1.25%,--,54,208764,买盘
10:57:18,38.67,-1.23%,+0.01,7,27069,买盘
10:57:36,38.67,-1.23%,--,8,30936,卖盘
10:57:42,38.67,-1.23%,--,2,7734,买盘
10:57:45,38.67,-1.23%,--,1,3867,买盘
10:57:51,38.67,-1.23%,--,3,11601,买盘
10:57:54,38.66,-1.25%,-0.01,41,158506,卖盘
10:57:57,38.66,-1.25%,--,3,11598,买盘
10:58:00,38.65,-1.28%,-0.01,5,19325,卖盘
10:58:18,38.66,-1.25%,+0.01,2,7732,买盘
10:58:27,38.65,-1.28%,-0.01,1,3865,卖盘
10:58:39,38.64,-1.30%,-0.01,6,23184,卖盘
10:58:42,38.64,-1.30%,--,6,23184,卖盘
10:58:54,38.64,-1.30%,--,10,38640,卖盘
10:59:03,38.65,-1.28%,+0.01,4,15460,买盘
10:59:09,38.65,-1.28%,--,5,19325,买盘
10:59:27,38.64,-1.30%,-0.01,10,38640,卖盘
10:59:30,38.65,-1.28%,+0.01,5,19325,买盘
10:59:36,38.65,-1.28%,--,1,3865,买盘
10:59:39,38.65,-1.28%,--,9,34785,买盘
10:59:48,38.65,-1.28%,--,7,27055,买盘
11:00:06,38.65,-1.28%,--,3,11595,卖盘
11:00:09,38.64,-1.30%,-0.01,4,15456,卖盘
11:00:12,38.64,-1.30%,--,1,3864,卖盘
11:00:15,38.63,-1.33%,-0.01,9,34767,卖盘
11:00:39,38.62,-1.35%,-0.01,57,220134,卖盘
11:00:45,38.62,-1.35%,--,2,7724,卖盘
11:00:51,38.62,-1.35%,--,104,401648,卖盘
11:00:54,38.6,-1.40%,-0.02,5,19300,卖盘
11:00:57,38.6,-1.40%,--,48,185280,卖盘
11:01:00,38.6,-1.40%,--,1,3860,卖盘
11:01:03,38.62,-1.35%,+0.02,5,19310,买盘
11:01:12,38.6,-1.40%,-0.02,80,308800,卖盘
11:01:15,38.6,-1.40%,--,3,11580,卖盘
11:01:21,38.6,-1.40%,--,9,34740,卖盘
11:01:33,38.6,-1.40%,--,7,27020,卖盘
11:01:36,38.61,-1.38%,+0.01,11,42471,买盘
11:01:39,38.61,-1.38%,--,4,15444,卖盘
11:01:39,38.61,-1.38%,--,4,15444,中性盘
11:01:51,38.61,-1.38%,--,11,42471,买盘
11:02:00,38.61,-1.38%,--,2,7722,卖盘
11:02:09,38.61,-1.38%,--,11,42471,卖盘
11:02:33,38.62,-1.35%,+0.01,13,50206,买盘
11:02:39,38.62,-1.35%,--,2,7724,买盘
11:02:42,38.61,-1.38%,-0.01,5,19305,卖盘
11:02:54,38.61,-1.38%,--,9,34749,卖盘
11:03:06,38.62,-1.35%,+0.01,1,3862,买盘
11:03:15,38.62,-1.35%,--,4,15448,卖盘
11:03:18,38.62,-1.35%,--,1,3862,买盘
11:03:36,38.6,-1.40%,-0.02,12,46320,卖盘
11:03:42,38.6,-1.40%,--,19,73340,卖盘
11:03:45,38.58,-1.46%,-0.02,61,235338,卖盘
11:03:48,38.58,-1.46%,--,20,77160,卖盘
11:03:51,38.55,-1.53%,-0.03,6,23130,卖盘
11:03:54,38.55,-1.53%,--,5,19275,卖盘
11:04:09,38.52,-1.61%,--,3,11556,卖盘
11:04:18,38.52,-1.61%,--,5,19260,卖盘
11:04:21,38.52,-1.61%,--,2,7704,买盘
11:04:42,38.52,-1.61%,--,24,92448,中性盘
11:04:45,38.52,-1.61%,--,6,23112,卖盘
11:04:48,38.52,-1.61%,--,19,73188,卖盘
11:04:54,38.51,-1.63%,-0.01,16,61616,卖盘
11:05:00,38.51,-1.63%,--,10,38510,卖盘
11:05:06,38.52,-1.61%,+0.01,1,3852,中性盘
11:05:09,38.53,-1.58%,+0.01,1,3853,买盘
11:05:18,38.52,-1.61%,-0.01,10,38520,卖盘
11:05:24,38.52,-1.61%,--,1,3852,卖盘
11:05:33,38.53,-1.58%,--,4,15412,买盘
11:05:36,38.53,-1.58%,--,11,42383,买盘
11:05:42,38.53,-1.58%,--,2,7706,中性盘
11:05:51,38.53,-1.58%,--,4,15412,卖盘
11:06:03,38.53,-1.58%,--,1,3853,买盘
11:06:06,38.53,-1.58%,--,12,46236,买盘
11:06:09,38.53,-1.58%,--,7,26971,买盘
11:06:18,38.55,-1.53%,+0.02,22,84810,买盘
11:06:24,38.53,-1.58%,-0.02,1,3853,卖盘
11:06:27,38.53,-1.58%,--,2,7706,卖盘
11:06:36,38.53,-1.58%,--,9,34677,卖盘
11:06:39,38.55,-1.53%,+0.02,5,19275,买盘
11:06:48,38.59,-1.43%,+0.04,9,34731,买盘
11:07:03,38.59,-1.43%,--,1,3859,买盘
11:07:21,38.58,-1.46%,-0.01,3,11574,卖盘
11:07:42,38.56,-1.51%,-0.02,2,7712,中性盘
11:07:51,38.57,-1.48%,+0.01,10,38570,买盘
11:07:57,38.57,-1.48%,--,7,26999,买盘
11:08:09,38.56,-1.51%,-0.01,1,3856,中性盘
11:08:12,38.56,-1.51%,--,1,3856,中性盘
11:09:03,38.55,-1.53%,-0.01,11,42405,卖盘
11:09:09,38.56,-1.51%,+0.01,5,19280,买盘
11:09:15,38.55,-1.53%,-0.01,23,88665,卖盘
11:09:42,38.53,-1.58%,-0.02,51,196503,卖盘
11:09:54,38.52,-1.61%,-0.01,1,3852,卖盘
11:09:57,38.53,-1.58%,+0.01,20,77060,买盘
11:10:03,38.52,-1.61%,-0.01,3,11556,卖盘
11:10:09,38.53,-1.58%,+0.01,5,19265,买盘
11:10:33,38.52,-1.61%,-0.01,6,23112,卖盘
11:10:45,38.52,-1.61%,--,8,30816,卖盘
11:10:48,38.51,-1.63%,-0.01,63,242613,卖盘
11:10:51,38.51,-1.63%,--,69,265719,卖盘
11:10:54,38.52,-1.61%,+0.01,44,169488,买盘
11:10:57,38.51,-1.63%,-0.01,37,142487,卖盘
11:11:12,38.51,-1.63%,--,10,38510,买盘
11:11:33,38.51,-1.63%,--,7,26957,买盘
11:11:36,38.5,-1.66%,-0.01,30,115500,卖盘
11:11:39,38.51,-1.63%,+0.01,6,23106,买盘
11:11:42,38.51,-1.63%,--,2,7702,买盘
11:11:45,38.5,-1.66%,-0.01,17,65450,卖盘
11:12:00,38.5,-1.66%,--,16,61600,卖盘
11:12:03,38.5,-1.66%,--,50,192500,卖盘
11:12:12,38.5,-1.66%,--,56,215600,卖盘
11:12:30,38.49,-1.69%,-0.01,1,3849,卖盘
11:12:36,38.49,-1.69%,--,14,53886,卖盘
11:12:39,38.5,-1.66%,+0.01,5,19250,买盘
11:12:45,38.5,-1.66%,--,20,77000,买盘
11:12:57,38.5,-1.66%,--,3,11550,买盘
11:13:18,38.51,-1.63%,+0.01,34,130934,买盘
11:13:21,38.5,-1.66%,-0.01,7,26950,卖盘
11:13:24,38.5,-1.66%,--,3,11550,中性盘
11:13:36,38.5,-1.66%,--,2,7700,买盘
11:13:39,38.49,-1.69%,-0.01,2,7698,卖盘
11:13:42,38.49,-1.69%,--,12,46188,卖盘
11:13:45,38.5,-1.66%,+0.01,1,3850,买盘
11:14:03,38.49,-1.69%,-0.01,4,15396,卖盘
11:14:06,38.5,-1.66%,+0.01,3,11550,买盘
11:14:18,38.51,-1.63%,+0.01,11,42361,买盘
11:14:39,38.5,-1.66%,-0.01,15,57750,卖盘
11:14:39,38.5,-1.66%,--,15,57750,中性盘
11:14:39,38.5,-1.66%,--,15,57750,卖盘
11:15:51,38.5,-1.66%,--,3,11550,卖盘
11:16:03,38.5,-1.66%,--,10,38500,卖盘
11:16:15,38.5,-1.66%,--,5,19250,卖盘
11:16:21,38.5,-1.66%,--,7,26950,卖盘
11:16:27,38.5,-1.66%,--,12,46200,卖盘
11:16:30,38.5,-1.66%,--,39,150150,卖盘
11:16:36,38.5,-1.66%,--,1,3850,买盘
11:17:03,38.49,-1.69%,-0.01,18,69282,卖盘
11:17:12,38.5,-1.66%,+0.01,13,50050,买盘
11:17:18,38.5,-1.66%,--,5,19250,买盘
11:17:30,38.5,-1.66%,--,13,50050,买盘
11:17:36,38.5,-1.66%,--,6,23100,买盘
11:17:39,38.51,-1.63%,+0.01,17,65467,买盘
11:17:45,38.51,-1.63%,--,1,3851,买盘
11:17:48,38.52,-1.61%,+0.01,46,177192,买盘
11:17:51,38.53,-1.58%,+0.01,105,404565,买盘
11:17:54,38.53,-1.58%,--,26,100178,买盘
11:18:06,38.55,-1.53%,+0.02,2,7710,买盘
11:18:09,38.56,-1.51%,+0.01,18,69408,买盘
11:18:18,38.56,-1.51%,--,26,100256,买盘
11:18:30,38.58,-1.46%,+0.02,7,27006,买盘
11:18:45,38.56,-1.51%,-0.02,2,7712,卖盘
11:18:57,38.57,-1.48%,+0.01,1,3857,中性盘
11:19:03,38.56,-1.51%,-0.01,1,3856,卖盘
11:19:09,38.57,-1.48%,+0.01,2,7714,买盘
11:19:15,38.56,-1.51%,-0.01,2,7712,卖盘
11:19:33,38.56,-1.51%,--,3,11568,卖盘
11:20:03,38.56,-1.51%,-0.01,8,30848,卖盘
11:20:06,38.57,-1.48%,+0.01,1,3857,买盘
11:20:18,38.55,-1.53%,-0.02,35,134925,卖盘
11:20:24,38.55,-1.53%,--,4,15420,卖盘
11:20:30,38.56,-1.51%,+0.01,2,7712,买盘
11:20:39,38.56,-1.51%,--,7,26992,买盘
11:20:39,38.56,-1.51%,--,7,26992,中性盘
11:21:27,38.56,-1.51%,--,5,19280,买盘
11:22:18,38.56,-1.51%,--,2,7712,买盘
11:22:30,38.56,-1.51%,--,1,3856,买盘
11:22:57,38.53,-1.58%,-0.03,6,23118,卖盘
11:23:03,38.56,-1.51%,+0.03,5,19280,买盘
11:23:30,38.56,-1.51%,--,54,208224,买盘
11:24:00,38.55,-1.53%,-0.01,8,30840,中性盘
11:24:09,38.5,-1.66%,-0.05,7,26950,卖盘
11:24:18,38.5,-1.66%,--,9,34650,卖盘
11:24:39,38.5,-1.66%,--,13,50050,卖盘
11:24:45,38.48,-1.71%,-0.02,100,384800,卖盘
11:24:51,38.48,-1.71%,--,5,19240,卖盘
11:24:57,38.52,-1.61%,+0.04,6,23112,买盘
11:25:06,38.48,-1.71%,-0.04,48,184704,卖盘
11:25:18,38.48,-1.71%,--,14,53872,买盘
11:25:24,38.48,-1.71%,--,1,3848,买盘
11:25:27,38.47,-1.74%,-0.01,4,15388,卖盘
11:25:33,38.45,-1.79%,-0.02,70,269150,卖盘
11:25:51,38.41,-1.89%,-0.04,220,845020,卖盘
11:25:54,38.45,-1.79%,+0.04,4,15380,买盘
11:26:03,38.41,-1.89%,-0.04,20,76820,卖盘
11:26:06,38.45,-1.79%,+0.04,3,11535,买盘
11:26:12,38.45,-1.79%,--,1,3845,买盘
11:26:24,38.44,-1.81%,-0.01,1,3844,卖盘
11:26:27,38.44,-1.81%,--,5,19220,买盘
11:26:51,38.44,-1.81%,--,1,3844,买盘
11:26:54,38.44,-1.81%,--,2,7688,买盘
11:27:06,38.42,-1.86%,-0.02,6,23052,卖盘
11:27:12,38.42,-1.86%,--,7,26894,卖盘
11:27:24,38.43,-1.84%,+0.01,5,19215,卖盘
11:27:30,38.43,-1.84%,--,6,23058,卖盘
11:27:30,38.43,-1.84%,-0.03,6,23058,中性盘
11:27:39,38.4,-1.92%,-0.03,101,387840,卖盘
11:27:45,38.43,-1.84%,+0.03,8,30744,买盘
11:28:03,38.43,-1.84%,--,7,26901,中性盘
11:28:12,38.42,-1.86%,-0.01,5,19210,卖盘
11:28:18,38.42,-1.86%,--,3,11526,中性盘
11:28:21,38.43,-1.84%,+0.01,11,42273,买盘
11:28:30,38.44,-1.81%,+0.01,2,7688,买盘
11:28:36,38.43,-1.84%,-0.01,6,23058,卖盘
11:28:39,38.43,-1.84%,--,9,34587,卖盘
11:28:48,38.41,-1.89%,-0.02,8,30728,卖盘
11:29:06,38.41,-1.89%,--,5,19205,卖盘
11:29:09,38.4,-1.92%,-0.01,1,3840,卖盘
11:29:12,38.41,-1.89%,+0.01,1,3841,买盘
11:29:18,38.43,-1.84%,+0.02,9,34587,买盘
11:29:21,38.4,-1.92%,-0.03,45,172800,卖盘
11:29:24,38.39,-1.94%,-0.01,1,3839,卖盘
11:29:27,38.4,-1.92%,+0.01,45,172800,中性盘
11:29:30,38.39,-1.94%,-0.01,3,11517,卖盘
11:29:45,38.4,-1.92%,+0.01,3,11520,买盘
11:29:51,38.39,-1.94%,-0.01,9,34551,卖盘
11:30:03,38.39,-1.94%,--,0,0,卖盘
13:00:03,38.39,-1.94%,--,132,506748,卖盘
13:00:06,38.38,-1.97%,-0.01,21,80598,卖盘
13:00:09,38.38,-1.97%,--,1,3838,买盘
13:00:15,38.36,-2.02%,-0.02,21,80556,卖盘
13:00:21,38.36,-2.02%,--,60,230160,卖盘
13:00:27,38.37,-1.99%,+0.01,1,3837,买盘
13:00:39,38.37,-1.99%,--,2,7674,买盘
13:00:45,38.37,-1.99%,--,1,3837,买盘
13:00:57,38.3,-2.17%,-0.07,131,501730,卖盘
13:01:03,38.3,-2.17%,--,2,7660,卖盘
13:01:09,38.28,-2.22%,-0.02,50,191400,卖盘
13:01:15,38.18,-2.48%,-0.1,102,389436,卖盘
13:01:18,38.28,-2.22%,+0.1,3,11484,买盘
13:01:27,38.23,-2.35%,-0.05,17,64991,卖盘
13:01:33,38.29,-2.20%,+0.06,15,57435,中性盘
13:01:42,38.29,-2.20%,--,30,114870,卖盘
13:01:45,38.29,-2.20%,--,2,7658,卖盘
13:01:48,38.29,-2.20%,--,9,34461,卖盘
13:01:51,38.23,-2.35%,-0.06,5,19115,卖盘
13:01:54,38.29,-2.20%,+0.06,7,26803,买盘
13:02:06,38.28,-2.22%,-0.01,5,19140,卖盘
13:02:09,38.28,-2.22%,--,6,22968,卖盘
13:02:12,38.23,-2.35%,-0.05,5,19115,卖盘
13:02:24,38.22,-2.38%,-0.01,30,114660,卖盘
13:02:27,38.23,-2.35%,+0.01,27,103221,买盘
13:02:30,38.23,-2.35%,--,12,45876,卖盘
13:02:39,38.26,-2.27%,+0.03,2,7652,买盘
13:02:57,38.23,-2.35%,-0.03,13,49699,卖盘
13:03:00,38.26,-2.27%,+0.03,28,107128,买盘
13:03:03,38.24,-2.32%,-0.02,1,3824,卖盘
13:03:06,38.26,-2.27%,+0.02,3,11478,买盘
13:03:30,38.24,-2.32%,-0.02,11,42064,中性盘
13:03:36,38.2,-2.43%,-0.04,80,305600,卖盘
13:03:39,38.25,-2.30%,+0.05,6,22950,买盘
13:03:45,38.24,-2.32%,-0.01,18,68832,中性盘
13:03:51,38.25,-2.30%,+0.01,3,11475,买盘
13:03:51,38.25,-2.30%,-0.01,3,11475,中性盘
13:04:15,38.24,-2.32%,-0.01,13,49712,中性盘
13:04:21,38.24,-2.32%,--,13,49712,买盘
13:04:27,38.24,-2.32%,--,21,80304,买盘
13:04:36,38.24,-2.32%,--,9,34416,买盘
13:04:57,38.24,-2.32%,--,7,26768,买盘
13:05:00,38.24,-2.32%,--,2,7648,买盘
13:05:03,38.23,-2.35%,-0.01,11,42053,卖盘
13:05:09,38.23,-2.35%,--,10,38230,卖盘
13:05:12,38.24,-2.32%,+0.01,130,497120,买盘
13:05:15,38.24,-2.32%,--,19,72656,卖盘
13:05:18,38.23,-2.35%,-0.01,52,198796,卖盘
13:05:33,38.23,-2.35%,--,3,11469,买盘
13:05:42,38.23,-2.35%,--,6,22938,买盘
13:05:48,38.25,-2.30%,+0.02,59,225675,买盘
13:05:51,38.24,-2.32%,-0.01,1,3824,卖盘
13:05:54,38.25,-2.30%,+0.01,2,7650,买盘
13:06:00,38.25,-2.30%,--,39,149175,买盘
13:06:12,38.26,-2.27%,+0.01,46,175996,买盘
13:06:27,38.28,-2.22%,+0.02,3,11484,买盘
13:06:33,38.28,-2.22%,--,2,7656,买盘
13:06:39,38.28,-2.22%,--,1,3828,买盘
13:06:45,38.26,-2.27%,-0.02,21,80346,卖盘
13:06:48,38.26,-2.27%,--,13,49738,卖盘
13:06:51,38.26,-2.27%,--,21,80346,卖盘
13:06:54,38.28,-2.22%,+0.02,2,7656,买盘
13:07:12,38.28,-2.22%,--,7,26796,买盘
13:07:24,38.28,-2.22%,--,22,84216,买盘
13:07:33,38.28,-2.22%,--,10,38280,买盘
13:07:45,38.26,-2.27%,-0.02,4,15304,卖盘
13:07:51,38.26,-2.27%,--,9,34434,卖盘
13:07:54,38.27,-2.25%,+0.01,2,7654,买盘
13:08:33,38.26,-2.27%,-0.01,4,15304,卖盘
13:08:39,38.26,-2.27%,--,8,30608,卖盘
13:08:45,38.26,-2.27%,--,1,3826,中性盘
13:08:54,38.25,-2.30%,-0.01,5,19125,卖盘
13:08:57,38.25,-2.30%,--,1,3825,卖盘
13:09:03,38.25,-2.30%,--,7,26775,卖盘
13:09:09,38.26,-2.27%,+0.01,7,26782,买盘
13:09:12,38.26,-2.27%,--,1,3826,买盘
13:09:27,38.24,-2.32%,-0.02,40,152960,卖盘
13:09:30,38.17,-2.50%,-0.07,353,1347401,卖盘
13:09:33,38.15,-2.55%,-0.02,22,83930,卖盘
13:09:36,38.14,-2.58%,-0.01,11,41954,卖盘
13:09:39,38.17,-2.50%,+0.03,5,19085,买盘
13:09:45,38.12,-2.63%,-0.05,55,209660,卖盘
13:09:51,38.13,-2.61%,+0.01,16,61008,中性盘
13:09:54,38.14,-2.58%,+0.01,1,3814,卖盘
13:10:00,38.1,-2.68%,-0.04,117,445770,卖盘
13:10:06,38.11,-2.66%,+0.01,7,26677,中性盘
13:10:09,38.11,-2.66%,--,12,45732,卖盘
13:10:18,38.13,-2.61%,+0.02,18,68634,买盘
13:10:21,38.11,-2.66%,-0.02,10,38110,卖盘
13:10:21,38.11,-2.66%,--,10,38110,中性盘
13:10:27,38.11,-2.66%,--,9,34299,卖盘
13:10:33,38.11,-2.66%,--,11,41921,卖盘
13:10:36,38.12,-2.63%,+0.01,3,11436,卖盘
13:10:42,38.11,-2.66%,-0.01,13,49543,卖盘
13:10:45,38.11,-2.66%,--,3,11433,卖盘
13:10:51,38.12,-2.63%,+0.01,252,960624,买盘
13:10:54,38.12,-2.63%,--,52,198224,卖盘
13:10:57,38.16,-2.53%,+0.04,1,3816,买盘
13:11:00,38.12,-2.63%,-0.04,10,38120,卖盘
13:11:03,38.11,-2.66%,-0.01,58,221038,卖盘
13:11:06,38.12,-2.63%,+0.01,74,282088,中性盘
13:11:09,38.12,-2.63%,--,30,114360,买盘
13:11:12,38.12,-2.63%,--,6,22872,买盘
13:11:18,38.11,-2.66%,-0.01,119,453509,卖盘
13:11:27,38.12,-2.63%,--,2,7624,卖盘
13:11:33,38.12,-2.63%,--,11,41932,卖盘
13:11:36,38.12,-2.63%,--,18,68616,卖盘
13:11:42,38.12,-2.63%,--,42,160104,买盘
13:12:03,38.14,-2.58%,+0.02,17,64838,买盘
13:12:09,38.15,-2.55%,+0.01,4,15260,买盘
13:12:15,38.15,-2.55%,--,1,3815,买盘
13:12:18,38.15,-2.55%,--,25,95375,买盘
13:12:21,38.15,-2.55%,--,19,72485,卖盘
13:12:27,38.15,-2.55%,--,1,3815,中性盘
13:12:30,38.15,-2.55%,--,12,45780,买盘
13:12:33,38.15,-2.55%,--,16,61040,买盘
13:12:45,38.16,-2.53%,+0.01,2,7632,买盘
13:12:54,38.16,-2.53%,--,13,49608,买盘
13:13:00,38.15,-2.55%,-0.01,2,7630,卖盘
13:13:03,38.16,-2.53%,+0.01,4,15264,买盘
13:13:21,38.16,-2.53%,--,2,7632,买盘
13:13:24,38.16,-2.53%,--,5,19080,买盘
13:13:27,38.16,-2.53%,--,15,57240,买盘
13:13:39,38.16,-2.53%,--,1,3816,买盘
13:13:48,38.16,-2.53%,--,11,41976,买盘
13:14:03,38.18,-2.48%,+0.01,18,68724,买盘
13:14:12,38.24,-2.32%,+0.06,1,3824,买盘
13:14:15,38.19,-2.45%,-0.05,2,7638,卖盘
13:14:21,38.2,-2.43%,+0.01,11,42020,中性盘
13:14:24,38.2,-2.43%,--,9,34380,买盘
13:14:27,38.2,-2.43%,--,2,7640,卖盘
13:14:33,38.22,-2.38%,+0.02,10,38220,买盘
13:14:42,38.22,-2.38%,--,3,11466,买盘
13:14:51,38.22,-2.38%,--,1,3822,卖盘
13:14:54,38.23,-2.35%,+0.01,22,84106,买盘
13:15:00,38.23,-2.35%,--,4,15292,买盘
13:15:03,38.23,-2.35%,--,1,3823,买盘
13:15:06,38.23,-2.35%,--,10,38230,买盘
13:15:12,38.23,-2.35%,--,8,30584,买盘
13:15:18,38.24,-2.32%,+0.01,23,87952,买盘
13:15:30,38.26,-2.27%,+0.02,12,45912,买盘
13:15:39,38.26,-2.27%,--,26,99476,买盘
13:15:51,38.26,-2.27%,--,4,15304,买盘
13:15:54,38.26,-2.27%,--,12,45912,中性盘
13:15:57,38.26,-2.27%,--,3,11478,买盘
13:16:00,38.25,-2.30%,-0.01,4,15300,卖盘
13:16:03,38.26,-2.27%,+0.01,10,38260,中性盘
13:16:09,38.25,-2.30%,-0.01,9,34425,卖盘
13:16:15,38.26,-2.27%,+0.01,3,11478,中性盘
13:16:21,38.26,-2.27%,--,22,84172,卖盘
13:16:27,38.25,-2.30%,-0.01,3,11475,卖盘
13:16:33,38.25,-2.30%,--,1,3825,中性盘
13:16:48,38.25,-2.30%,--,2,7650,买盘
13:16:48,38.25,-2.30%,-0.03,2,7650,中性盘
13:16:54,38.22,-2.38%,-0.03,55,210210,卖盘
13:17:09,38.2,-2.43%,-0.02,7,26740,卖盘
13:17:12,38.21,-2.40%,+0.01,1,3821,买盘
13:17:18,38.21,-2.40%,--,42,160482,中性盘
13:17:27,38.24,-2.32%,+0.03,6,22944,买盘
13:17:33,38.21,-2.40%,-0.03,2,7642,中性盘
13:17:39,38.24,-2.32%,+0.03,5,19120,买盘
13:17:51,38.24,-2.32%,--,3,11472,买盘
13:17:54,38.24,-2.32%,--,1,3824,买盘
13:17:57,38.21,-2.40%,-0.03,15,57315,卖盘
13:18:09,38.21,-2.40%,--,10,38210,卖盘
13:18:12,38.22,-2.38%,+0.01,14,53508,卖盘
13:18:15,38.2,-2.43%,-0.02,10,38200,卖盘
13:18:33,38.19,-2.45%,-0.01,15,57285,卖盘
13:18:36,38.17,-2.50%,-0.02,10,38170,卖盘
13:18:39,38.17,-2.50%,--,13,49621,卖盘
13:18:42,38.17,-2.50%,--,18,68706,卖盘
13:18:45,38.18,-2.48%,+0.01,2,7636,买盘
13:18:48,38.16,-2.53%,-0.02,10,38160,卖盘
13:18:51,38.16,-2.53%,--,21,80136,卖盘
13:18:54,38.16,-2.53%,--,3,11448,买盘
13:18:57,38.15,-2.55%,-0.01,40,152600,卖盘
13:19:06,38.14,-2.58%,-0.01,8,30512,卖盘
13:19:09,38.12,-2.63%,-0.02,6,22872,卖盘
13:19:12,38.12,-2.63%,--,5,19060,卖盘
13:19:24,38.13,-2.61%,+0.01,1,3813,买盘
13:19:27,38.1,-2.68%,-0.03,271,1032510,卖盘
13:19:33,38.13,-2.61%,+0.03,147,560511,买盘
13:19:36,38.13,-2.61%,--,5,19065,买盘
13:19:51,38.16,-2.53%,+0.03,1,3816,买盘
13:19:54,38.17,-2.50%,+0.01,2,7634,买盘
13:19:57,38.17,-2.50%,--,2,7634,买盘
13:20:06,38.19,-2.45%,+0.02,11,42009,买盘
13:20:09,38.19,-2.45%,--,7,26733,卖盘
13:20:18,38.19,-2.45%,--,2,7638,卖盘
13:20:24,38.19,-2.45%,--,16,61104,买盘
13:20:42,38.17,-2.50%,-0.02,2,7634,卖盘
13:20:54,38.17,-2.50%,--,6,22902,中性盘
13:21:12,38.17,-2.50%,--,10,38170,卖盘
13:21:24,38.18,-2.48%,+0.01,3,11454,中性盘
13:21:27,38.19,-2.45%,+0.01,10,38190,买盘
13:21:33,38.18,-2.48%,-0.01,1,3818,卖盘
13:21:39,38.17,-2.50%,-0.01,38,145046,卖盘
13:21:42,38.19,-2.45%,+0.02,76,290244,买盘
13:21:45,38.19,-2.45%,--,1,3819,卖盘
13:21:48,38.19,-2.45%,--,25,95475,卖盘
13:21:57,38.19,-2.45%,--,5,19095,买盘
13:22:03,38.19,-2.45%,--,1,3819,买盘
13:22:09,38.17,-2.50%,-0.02,3,11451,卖盘
13:22:15,38.18,-2.48%,+0.01,9,34362,买盘
13:22:48,38.18,-2.48%,--,5,19090,买盘
13:22:51,38.18,-2.48%,--,10,38180,买盘
13:23:00,38.18,-2.48%,--,2,7636,买盘
13:23:12,38.18,-2.48%,--,17,64906,买盘
13:23:12,38.18,-2.48%,--,17,64906,中性盘
13:23:45,38.19,-2.45%,+0.01,1,3819,买盘
13:23:51,38.19,-2.45%,--,14,53466,买盘
13:23:57,38.19,-2.45%,--,6,22914,买盘
13:24:03,38.18,-2.48%,-0.01,15,57270,卖盘
13:24:09,38.19,-2.45%,+0.01,46,175674,买盘
13:24:12,38.16,-2.53%,-0.03,175,667800,卖盘
13:24:15,38.15,-2.55%,-0.01,103,392945,卖盘
13:24:18,38.13,-2.61%,-0.02,45,171585,卖盘
13:24:30,38.12,-2.63%,-0.01,71,270652,卖盘
13:24:36,38.13,-2.61%,+0.01,5,19065,中性盘
13:24:51,38.12,-2.63%,-0.01,11,41932,卖盘
13:24:57,38.12,-2.63%,--,10,38120,卖盘
13:25:06,38.11,-2.66%,-0.01,22,83842,卖盘
13:25:09,38.1,-2.68%,-0.01,41,156210,卖盘
13:25:18,38.1,-2.68%,--,1,3810,中性盘
13:25:24,38.11,-2.66%,+0.01,26,99086,买盘
13:25:30,38.09,-2.71%,-0.02,13,49517,卖盘
13:25:42,38.08,-2.73%,-0.01,60,228480,卖盘
13:25:45,38.07,-2.76%,-0.01,12,45684,卖盘
13:25:48,38.09,-2.71%,+0.02,3,11427,买盘
13:25:51,38.07,-2.76%,-0.02,13,49491,卖盘
13:25:54,38.09,-2.71%,+0.02,2,7618,买盘
13:26:06,38.08,-2.73%,-0.01,10,38080,卖盘
13:26:09,38.08,-2.73%,--,9,34272,卖盘
13:26:12,38.08,-2.73%,--,4,15232,买盘
13:26:15,38.08,-2.73%,--,12,45696,卖盘
13:26:21,38.08,-2.73%,--,8,30464,卖盘
13:26:33,38.09,-2.71%,+0.01,33,125697,买盘
13:26:57,38.1,-2.68%,+0.01,18,68580,买盘
13:27:09,38.11,-2.66%,+0.01,6,22866,买盘
13:27:24,38.11,-2.66%,--,20,76220,买盘
13:27:30,38.11,-2.66%,--,59,224849,买盘
13:27:33,38.09,-2.71%,-0.02,90,342810,卖盘
13:27:42,38.09,-2.71%,--,21,79989,买盘
13:27:48,38.09,-2.71%,+0.01,112,426608,买盘
13:27:57,38.09,-2.71%,--,10,38090,买盘
13:28:12,38.08,-2.73%,-0.01,4,15232,卖盘
13:28:27,38.08,-2.73%,-0.01,29,110432,卖盘
13:28:39,38.07,-2.76%,-0.01,15,57105,卖盘
13:28:42,38.09,-2.71%,+0.02,43,163787,买盘
13:28:45,38.08,-2.73%,-0.01,1,3808,卖盘
13:28:48,38.1,-2.68%,+0.02,2,7620,买盘
13:28:57,38.1,-2.68%,--,13,49530,买盘
13:29:00,38.08,-2.73%,-0.02,6,22848,中性盘
13:29:06,38.09,-2.71%,+0.01,1,3809,中性盘
13:29:18,38.09,-2.71%,+0.01,1,3809,买盘
13:29:21,38.08,-2.73%,-0.01,5,19040,卖盘
13:29:24,38.09,-2.71%,+0.01,3,11427,买盘
13:29:45,38.09,-2.71%,--,13,49517,中性盘
13:30:09,38.09,-2.71%,--,8,30472,卖盘
13:30:12,38.09,-2.71%,--,14,53326,卖盘
13:30:15,38.09,-2.71%,--,10,38090,卖盘
13:30:18,38.08,-2.73%,-0.01,2,7616,卖盘
13:30:21,38.09,-2.71%,+0.01,10,38090,买盘
13:30:24,38.09,-2.71%,--,3,11427,卖盘
13:30:27,38.08,-2.73%,-0.01,9,34272,卖盘
13:30:30,38.1,-2.68%,+0.02,12,45720,买盘
13:31:03,38.09,-2.71%,-0.01,3,11427,卖盘
13:31:15,38.1,-2.68%,+0.01,16,60960,买盘
13:31:27,38.09,-2.71%,--,1,3809,卖盘
13:31:33,38.09,-2.71%,--,9,34281,中性盘
13:31:42,38.11,-2.66%,+0.02,6,22866,买盘
13:31:48,38.09,-2.71%,-0.02,1,3809,中性盘
13:32:06,38.11,-2.66%,+0.02,3,11433,买盘
13:32:09,38.08,-2.73%,-0.03,4,15232,卖盘
13:32:30,38.09,-2.71%,+0.01,8,30472,中性盘
13:32:33,38.08,-2.73%,-0.01,20,76160,卖盘
13:32:36,38.09,-2.71%,+0.01,2,7618,中性盘
13:32:39,38.1,-2.68%,+0.01,6,22860,买盘
13:32:48,38.11,-2.66%,+0.01,7,26677,买盘
13:33:00,38.09,-2.71%,-0.02,6,22854,卖盘
13:33:18,38.09,-2.71%,--,2,7618,中性盘
13:33:39,38.09,-2.71%,--,20,76180,买盘
13:33:48,38.11,-2.66%,+0.02,12,45732,买盘
13:33:57,38.09,-2.71%,-0.02,2,7618,中性盘
13:34:00,38.1,-2.68%,+0.01,1,3810,买盘
13:34:12,38.1,-2.68%,--,14,53340,买盘
13:34:18,38.1,-2.68%,--,7,26670,买盘
13:34:42,38.1,-2.68%,--,9,34290,中性盘
13:35:00,38.1,-2.68%,--,10,38100,卖盘
13:35:06,38.08,-2.73%,-0.02,81,308448,卖盘
13:35:12,38.08,-2.73%,--,26,99008,买盘
13:35:27,38.07,-2.76%,-0.01,62,236034,卖盘
13:35:33,38.07,-2.76%,--,14,53298,买盘
13:35:42,38.07,-2.76%,--,8,30456,买盘
13:35:45,38.06,-2.78%,-0.01,2,7612,卖盘
13:35:51,38.07,-2.76%,+0.01,3,11421,买盘
13:35:54,38.07,-2.76%,--,2,7614,买盘
13:35:57,38.06,-2.78%,-0.01,44,167464,卖盘
13:36:03,38.06,-2.78%,--,18,68508,买盘
13:36:03,38.06,-2.78%,--,18,68508,中性盘
13:36:15,38.06,-2.78%,--,25,95150,买盘
13:36:18,38.06,-2.78%,--,1,3806,卖盘
13:36:24,38.07,-2.76%,+0.01,11,41877,买盘
13:36:30,38.06,-2.78%,-0.01,15,57090,卖盘
13:36:36,38.08,-2.73%,+0.02,37,140896,买盘
13:36:42,38.08,-2.73%,--,6,22848,买盘
13:36:45,38.07,-2.76%,-0.01,1,3807,中性盘
13:36:48,38.08,-2.73%,+0.01,3,11424,买盘
13:36:57,38.06,-2.78%,-0.02,2,7612,卖盘
13:37:00,38.06,-2.78%,--,3,11418,卖盘
13:37:09,38.08,-2.73%,--,12,45696,买盘
13:37:12,38.08,-2.73%,--,2,7616,买盘
13:37:15,38.08,-2.73%,--,9,34272,买盘
13:37:27,38.06,-2.78%,-0.02,3,11418,卖盘
13:37:30,38.08,-2.73%,+0.02,3,11424,买盘
13:37:51,38.08,-2.73%,--,20,76160,卖盘
13:37:57,38.06,-2.78%,-0.02,8,30448,卖盘
13:38:00,38.09,-2.71%,+0.03,7,26663,买盘
13:38:09,38.09,-2.71%,--,1,3809,买盘
13:38:12,38.07,-2.76%,-0.02,2,7614,买盘
13:38:21,38.07,-2.76%,--,1,3807,买盘
13:38:24,38.07,-2.76%,--,5,19035,买盘
13:38:36,38.07,-2.76%,--,6,22842,买盘
13:38:45,38.06,-2.78%,-0.01,53,201718,卖盘
13:38:51,38.07,-2.76%,+0.01,4,15228,买盘
13:38:54,38.08,-2.73%,+0.01,9,34272,买盘
13:39:30,38.09,-2.71%,--,5,19045,买盘
13:39:51,38.09,-2.71%,--,6,22854,买盘
13:39:54,38.08,-2.73%,-0.01,4,15232,中性盘
13:39:57,38.08,-2.73%,--,1,3808,买盘
13:40:09,38.09,-2.71%,+0.01,7,26663,买盘
13:40:27,38.09,-2.71%,--,4,15236,买盘
13:40:33,38.08,-2.73%,-0.01,7,26656,卖盘
13:40:39,38.08,-2.73%,--,7,26656,卖盘
13:40:42,38.09,-2.71%,+0.01,22,83798,买盘
13:40:45,38.09,-2.71%,--,7,26663,买盘
13:40:54,38.11,-2.66%,+0.02,60,228660,买盘
13:41:00,38.09,-2.71%,-0.02,5,19045,卖盘
13:41:21,38.11,-2.66%,+0.02,13,49543,买盘
13:41:30,38.12,-2.63%,+0.01,13,49556,买盘
13:41:33,38.11,-2.66%,-0.01,4,15244,卖盘
13:41:45,38.11,-2.66%,--,1,3811,买盘
13:41:51,38.11,-2.66%,--,4,15244,买盘
13:41:54,38.11,-2.66%,--,3,11433,买盘
13:41:57,38.11,-2.66%,--,1,3811,卖盘
13:42:00,38.11,-2.66%,--,2,7622,卖盘
13:42:03,38.11,-2.66%,--,4,15244,卖盘
13:42:06,38.12,-2.63%,+0.01,3,11436,买盘
13:42:09,38.11,-2.66%,-0.01,1,3811,卖盘
13:42:21,38.12,-2.63%,+0.01,4,15248,中性盘
13:42:24,38.11,-2.66%,-0.01,3,11433,卖盘
13:42:30,38.13,-2.61%,+0.02,7,26691,买盘
13:42:36,38.13,-2.61%,--,3,11439,买盘
13:42:36,38.13,-2.61%,-0.02,3,11439,中性盘
13:42:42,38.11,-2.66%,-0.02,6,22866,卖盘
13:42:45,38.07,-2.76%,-0.04,170,647190,卖盘
13:42:48,38.05,-2.81%,-0.02,131,498455,卖盘
13:42:51,38.04,-2.84%,-0.01,70,266280,卖盘
13:42:54,38.02,-2.89%,-0.02,9,34218,卖盘
13:43:03,38.02,-2.89%,--,2,7604,卖盘
13:43:12,38.04,-2.84%,+0.02,1,3804,买盘
13:43:15,38.04,-2.84%,--,4,15216,买盘
13:43:24,38.04,-2.84%,+0.02,10,38040,买盘
13:43:42,38.02,-2.89%,-0.02,47,178694,卖盘
13:43:45,38.01,-2.91%,-0.01,49,186249,卖盘
13:43:48,38.01,-2.91%,--,25,95025,卖盘
13:43:51,38.01,-2.91%,--,121,459921,卖盘
13:43:54,38.01,-2.91%,--,1,3801,卖盘
13:44:00,38.02,-2.89%,+0.01,23,87446,买盘
13:44:18,38.01,-2.91%,-0.01,47,178647,卖盘
13:44:21,38.02,-2.89%,+0.01,17,64634,买盘
13:44:42,38.02,-2.89%,--,67,254734,买盘
13:44:45,38.02,-2.89%,--,16,60832,卖盘
13:44:48,38.02,-2.89%,--,30,114060,卖盘
13:44:54,38.04,-2.84%,+0.02,2,7608,买盘
13:45:09,38.03,-2.86%,-0.01,16,60848,卖盘
13:45:12,38.04,-2.84%,+0.01,30,114120,买盘
13:45:24,38.03,-2.86%,-0.01,1,3803,中性盘
13:45:27,38.03,-2.86%,--,15,57045,买盘
13:45:30,38.02,-2.89%,-0.01,9,34218,卖盘
13:45:36,38.03,-2.86%,--,7,26621,卖盘
13:45:42,38.03,-2.86%,--,3,11409,中性盘
13:45:54,38.03,-2.86%,--,3,11409,卖盘
13:46:00,38.03,-2.86%,--,191,726373,买盘
13:46:03,38.0,-2.94%,-0.03,25,95000,卖盘
13:46:06,37.95,-3.07%,-0.05,523,1984785,卖盘
13:46:09,37.95,-3.07%,--,20,75900,卖盘
13:46:12,37.95,-3.07%,--,3,11385,买盘
13:46:24,37.94,-3.09%,-0.01,1,3794,中性盘
13:46:27,37.92,-3.14%,-0.02,4,15168,卖盘
13:46:36,37.9,-3.19%,-0.02,42,159180,卖盘
13:46:42,37.91,-3.17%,+0.01,17,64447,中性盘
13:46:48,37.9,-3.19%,-0.01,5,18950,卖盘
13:46:51,37.92,-3.14%,+0.02,3,11376,卖盘
13:46:54,37.9,-3.19%,-0.02,10,37900,卖盘
13:47:03,37.92,-3.14%,+0.02,1,3792,中性盘
13:47:06,37.92,-3.14%,--,3,11376,买盘
13:47:09,37.91,-3.17%,-0.01,21,79611,中性盘
13:47:12,37.91,-3.17%,--,5,18955,买盘
13:47:15,37.91,-3.17%,--,1,3791,买盘
13:47:18,37.9,-3.19%,-0.01,30,113700,卖盘
13:47:21,37.9,-3.19%,--,5,18950,中性盘
13:47:24,37.9,-3.19%,--,5,18950,买盘
13:47:33,37.89,-3.22%,-0.01,6,22734,卖盘
13:47:36,37.89,-3.22%,--,2,7578,买盘
13:47:39,37.89,-3.22%,--,4,15156,买盘
13:47:42,37.89,-3.22%,--,10,37890,买盘
13:47:45,37.88,-3.24%,-0.01,27,102276,卖盘
13:47:48,37.9,-3.19%,+0.02,47,178130,买盘
13:47:51,37.92,-3.14%,+0.02,65,246480,买盘
13:47:54,37.95,-3.07%,+0.03,5,18975,买盘
13:47:57,37.95,-3.07%,--,39,148005,买盘
13:48:00,37.95,-3.07%,--,68,258060,买盘
13:48:03,37.95,-3.07%,--,9,34155,买盘
13:48:06,37.95,-3.07%,--,14,53130,买盘
13:48:09,37.95,-3.07%,--,1,3795,卖盘
13:48:24,37.95,-3.07%,--,10,37950,卖盘
13:48:30,37.95,-3.07%,--,9,34155,卖盘
13:48:36,37.96,-3.04%,+0.01,2,7592,买盘
13:48:48,37.95,-3.07%,--,6,22770,中性盘
13:49:12,37.96,-3.04%,+0.01,12,45552,买盘
13:49:15,37.96,-3.04%,--,1,3796,买盘
13:49:33,37.96,-3.04%,-0.01,13,49348,卖盘
13:49:42,37.96,-3.04%,--,6,22776,买盘
13:49:48,37.96,-3.04%,--,3,11388,买盘
13:49:54,37.95,-3.07%,-0.01,3,11385,卖盘
13:50:00,37.96,-3.04%,+0.01,1,3796,买盘
13:50:06,37.96,-3.04%,--,10,37960,买盘
13:50:09,37.95,-3.07%,-0.01,10,37950,卖盘
13:50:15,37.97,-3.01%,+0.02,60,227820,买盘
13:50:33,37.97,-3.01%,--,3,11391,中性盘
13:50:42,37.97,-3.01%,--,7,26579,买盘
13:50:45,37.99,-2.96%,+0.02,1,3799,买盘
13:50:48,37.99,-2.96%,--,1,3799,买盘
13:51:09,37.97,-3.01%,-0.03,12,45564,卖盘
13:51:12,37.97,-3.01%,--,4,15188,卖盘
13:51:18,37.98,-2.99%,+0.01,9,34182,买盘
13:51:21,37.97,-3.01%,-0.01,10,37970,卖盘
13:51:24,37.97,-3.01%,--,11,41767,卖盘
13:51:27,37.97,-3.01%,--,24,91128,卖盘
13:51:30,37.97,-3.01%,--,2,7594,卖盘
13:51:39,37.97,-3.01%,--,17,64549,买盘
13:51:42,37.98,-2.99%,+0.01,2,7596,买盘
13:51:54,37.98,-2.99%,--,6,22788,买盘
13:52:03,37.97,-3.01%,-0.01,6,22782,卖盘
13:52:06,37.98,-2.99%,+0.01,3,11394,买盘
13:52:12,37.97,-3.01%,-0.01,21,79737,卖盘
13:52:21,37.97,-3.01%,--,5,18985,卖盘
13:52:27,37.97,-3.01%,--,63,239211,卖盘
13:52:30,37.97,-3.01%,--,7,26579,卖盘
13:52:42,37.98,-2.99%,+0.02,127,482346,买盘
13:52:45,37.98,-2.99%,--,2,7596,卖盘
13:52:51,37.96,-3.04%,-0.02,83,315068,卖盘
13:52:54,37.98,-2.99%,+0.02,14,53172,买盘
13:53:03,37.96,-3.04%,-0.02,3,11388,卖盘
13:53:15,37.96,-3.04%,--,7,26572,卖盘
13:53:18,37.97,-3.01%,+0.01,21,79737,买盘
13:53:24,37.98,-2.99%,+0.01,10,37980,买盘
13:53:27,37.98,-2.99%,--,7,26586,买盘
13:53:48,37.98,-2.99%,--,2,7596,买盘
13:54:15,37.98,-2.99%,--,5,18990,买盘
13:54:18,37.97,-3.01%,-0.01,2,7594,中性盘
13:54:39,37.97,-3.01%,--,5,18985,买盘
13:54:42,37.97,-3.01%,--,9,34173,卖盘
13:54:45,37.97,-3.01%,--,3,11391,卖盘
13:54:54,37.97,-3.01%,--,4,15188,买盘
13:54:57,37.98,-2.99%,+0.01,18,68364,买盘
13:55:03,37.99,-2.96%,+0.01,168,638232,买盘
13:55:06,38.01,-2.91%,+0.02,28,106428,买盘
13:55:15,38.03,-2.86%,+0.02,12,45636,买盘
13:55:21,38.03,-2.86%,--,4,15212,买盘
13:55:24,38.03,-2.86%,--,18,68454,买盘
13:55:27,38.04,-2.84%,+0.01,1,3804,买盘
13:55:36,38.04,-2.84%,--,15,57060,买盘
13:55:39,38.05,-2.81%,+0.01,98,372890,买盘
13:55:54,38.05,-2.81%,--,10,38050,中性盘
13:55:57,38.05,-2.81%,--,1,3805,中性盘
13:56:03,38.05,-2.81%,--,9,34245,买盘
13:56:24,38.04,-2.84%,-0.01,35,133140,卖盘
13:56:36,38.08,-2.73%,+0.04,5,19040,中性盘
13:56:42,38.08,-2.73%,--,5,19040,买盘
13:56:51,38.09,-2.71%,+0.01,9,34281,买盘
13:56:57,38.09,-2.71%,--,3,11427,买盘
13:57:00,38.09,-2.71%,--,9,34281,卖盘
13:57:03,38.09,-2.71%,--,2,7618,买盘
13:57:06,38.1,-2.68%,+0.01,12,45720,买盘
13:57:15,38.12,-2.63%,+0.02,1,3812,中性盘
13:57:27,38.1,-2.68%,-0.02,10,38100,卖盘
13:57:30,38.1,-2.68%,--,47,179070,卖盘
13:57:39,38.1,-2.68%,+0.02,5,19050,买盘
13:57:45,38.1,-2.68%,+0.02,76,289560,买盘
13:57:51,38.08,-2.73%,-0.02,2,7616,卖盘
13:57:54,38.08,-2.73%,--,2,7616,卖盘
13:58:00,38.09,-2.71%,+0.01,5,19045,买盘
13:58:06,38.08,-2.73%,-0.01,12,45696,卖盘
13:58:42,38.08,-2.73%,--,22,83776,买盘
13:58:51,38.08,-2.73%,--,3,11424,买盘
13:59:03,38.05,-2.81%,-0.03,7,26635,卖盘
13:59:06,38.05,-2.81%,--,2,7610,卖盘
13:59:15,38.08,-2.73%,+0.03,14,53312,买盘
13:59:30,38.08,-2.73%,--,7,26656,买盘
13:59:39,38.03,-2.86%,-0.05,3,11409,卖盘
13:59:42,38.03,-2.86%,--,4,15212,卖盘
13:59:54,38.03,-2.86%,--,2,7606,卖盘
14:00:21,38.04,-2.84%,+0.01,11,41844,中性盘
14:00:24,38.02,-2.89%,-0.02,6,22812,卖盘
14:00:27,38.06,-2.78%,+0.04,11,41866,买盘
14:00:39,38.06,-2.78%,--,7,26642,中性盘
14:01:09,38.1,-2.68%,+0.04,2,7620,中性盘
14:01:18,38.09,-2.71%,-0.01,1,3809,中性盘
14:01:30,38.08,-2.73%,-0.01,2,7616,中性盘
14:01:54,38.1,-2.68%,+0.02,4,15240,买盘
14:01:54,38.1,-2.68%,--,4,15240,中性盘
14:02:24,38.13,-2.61%,+0.03,11,41943,买盘
14:02:27,38.11,-2.66%,-0.02,2,7622,卖盘
14:02:30,38.1,-2.68%,-0.01,16,60960,卖盘
14:02:33,38.11,-2.66%,+0.01,13,49543,买盘
14:02:36,38.09,-2.71%,-0.02,9,34281,卖盘
14:03:12,38.09,-2.71%,--,6,22854,卖盘
14:03:15,38.09,-2.71%,--,2,7618,卖盘
14:03:18,38.1,-2.68%,+0.01,21,80010,买盘
14:03:24,38.1,-2.68%,--,3,11430,卖盘
14:03:27,38.1,-2.68%,--,1,3810,卖盘
14:03:36,38.1,-2.68%,--,61,232410,卖盘
14:03:45,38.1,-2.68%,--,20,76200,卖盘
14:03:48,38.1,-2.68%,--,3,11430,买盘
14:03:54,38.1,-2.68%,--,4,15240,买盘
14:03:57,38.1,-2.68%,--,1,3810,买盘
14:04:00,38.1,-2.68%,--,2,7620,买盘
14:04:09,38.1,-2.68%,--,11,41910,卖盘
14:04:12,38.1,-2.68%,--,2,7620,卖盘
14:04:27,38.12,-2.63%,+0.02,8,30496,买盘
14:04:45,38.08,-2.73%,-0.04,157,597856,卖盘
14:04:54,38.08,-2.73%,--,23,87584,买盘
14:04:57,38.08,-2.73%,--,8,30464,买盘
14:05:00,38.08,-2.73%,--,11,41888,买盘
14:05:03,38.08,-2.73%,--,13,49504,买盘
14:05:06,38.08,-2.73%,--,41,156128,买盘
14:05:18,38.09,-2.71%,+0.01,1,3809,卖盘
14:05:30,38.09,-2.71%,--,38,144742,买盘
14:06:00,38.09,-2.71%,--,4,15236,卖盘
14:06:06,38.12,-2.63%,+0.03,5,19060,中性盘
14:06:36,38.11,-2.66%,-0.01,2,7622,中性盘
14:06:42,38.11,-2.66%,--,1,3811,中性盘
14:07:06,38.13,-2.61%,+0.02,5,19065,中性盘
14:07:09,38.12,-2.63%,-0.01,20,76240,卖盘
14:07:12,38.09,-2.71%,-0.03,60,228540,卖盘
14:07:15,38.07,-2.76%,-0.02,29,110403,卖盘
14:07:24,38.07,-2.76%,--,2,7614,卖盘
14:07:30,38.07,-2.76%,--,3,11421,卖盘
14:07:36,38.07,-2.76%,--,6,22842,卖盘
14:07:42,38.07,-2.76%,--,7,26649,卖盘
14:07:57,38.07,-2.76%,--,1,3807,中性盘
14:08:06,38.06,-2.78%,-0.01,22,83732,卖盘
14:08:18,38.05,-2.81%,-0.01,4,15220,卖盘
14:08:24,38.06,-2.78%,+0.01,2,7612,买盘
14:08:24,38.06,-2.78%,-0.01,2,7612,中性盘
14:08:48,38.05,-2.81%,-0.01,6,22830,卖盘
14:08:57,38.04,-2.84%,--,2,7608,卖盘
14:09:06,38.04,-2.84%,-0.02,1,3804,卖盘
14:09:09,38.04,-2.84%,--,1,3804,中性盘
14:09:18,38.04,-2.84%,--,1,3804,卖盘
14:09:27,38.0,-2.94%,-0.04,46,174800,卖盘
14:09:30,38.06,-2.78%,+0.06,20,76120,买盘
14:09:33,38.06,-2.78%,--,21,79926,买盘
14:09:39,38.05,-2.81%,-0.01,20,76100,中性盘
14:10:03,38.0,-2.94%,-0.05,2,7600,卖盘
14:10:36,38.01,-2.91%,+0.01,5,19005,中性盘
14:11:03,38.01,-2.91%,--,3,11403,卖盘
14:11:06,38.02,-2.89%,+0.01,2,7604,买盘
14:11:09,38.01,-2.91%,-0.01,15,57015,卖盘
14:11:18,38.01,-2.91%,--,2,7602,卖盘
14:11:24,38.01,-2.91%,--,10,38010,卖盘
14:11:27,38.01,-2.91%,--,7,26607,卖盘
14:11:30,38.02,-2.89%,+0.01,3,11406,买盘
14:11:33,38.01,-2.91%,-0.01,18,68418,卖盘
14:11:48,38.03,-2.86%,+0.02,1,3803,买盘
14:12:15,38.03,-2.86%,--,6,22818,买盘
14:12:18,38.03,-2.86%,--,1,3803,买盘
14:12:21,38.03,-2.86%,--,8,30424,卖盘
14:13:30,38.05,-2.81%,+0.01,6,22830,买盘
14:13:33,38.04,-2.84%,-0.01,7,26628,卖盘
14:13:36,38.04,-2.84%,--,4,15216,卖盘
14:13:42,38.05,-2.81%,+0.01,2,7610,买盘
14:13:51,38.04,-2.84%,-0.01,1,3804,卖盘
14:14:42,38.04,-2.84%,--,3,11412,中性盘
14:15:03,38.05,-2.81%,+0.01,8,30440,买盘
14:15:18,38.05,-2.81%,--,23,87515,买盘
14:15:21,38.05,-2.81%,--,5,19025,买盘
14:15:54,38.05,-2.81%,--,1,3805,买盘
14:15:57,38.04,-2.84%,-0.01,3,11412,卖盘
14:16:00,38.05,-2.81%,+0.01,14,53270,买盘
14:16:09,38.05,-2.81%,--,5,19025,卖盘
14:16:24,38.06,-2.78%,+0.01,1,3806,买盘
14:16:27,38.03,-2.86%,-0.03,27,102681,卖盘
14:16:30,38.05,-2.81%,+0.02,1,3805,买盘
14:16:33,38.03,-2.86%,-0.02,31,117893,卖盘
14:17:00,38.02,-2.89%,--,4,15208,卖盘
14:17:03,38.03,-2.86%,+0.01,6,22818,买盘
14:17:09,38.02,-2.89%,-0.01,10,38020,卖盘
14:17:12,38.03,-2.86%,+0.01,13,49439,买盘
14:17:15,38.03,-2.86%,--,1,3803,中性盘
14:17:24,38.03,-2.86%,--,2,7606,买盘
14:17:39,38.03,-2.86%,--,17,64651,买盘
14:17:54,38.03,-2.86%,--,14,53242,卖盘
14:17:57,38.03,-2.86%,--,1,3803,卖盘
14:18:00,38.04,-2.84%,+0.01,5,19020,买盘
14:18:03,38.03,-2.86%,-0.01,3,11409,卖盘
14:18:09,38.02,-2.89%,-0.01,2,7604,卖盘
14:18:12,38.04,-2.84%,+0.02,31,117924,买盘
14:18:24,38.02,-2.89%,-0.02,1,3802,卖盘
14:18:27,38.03,-2.86%,+0.01,51,193953,买盘
14:18:33,38.02,-2.89%,-0.01,3,11406,中性盘
14:18:42,38.02,-2.89%,--,7,26614,买盘
14:18:54,38.02,-2.89%,--,1,3802,卖盘
14:19:00,38.02,-2.89%,--,32,121664,卖盘
14:19:06,38.02,-2.89%,--,3,11406,买盘
14:19:21,38.02,-2.89%,--,5,19010,买盘
14:19:33,38.01,-2.91%,-0.01,6,22806,卖盘
14:19:36,38.03,-2.86%,+0.02,2,7606,买盘
14:19:42,38.02,-2.89%,-0.01,1,3802,卖盘
14:19:45,38.03,-2.86%,+0.01,20,76060,买盘
14:19:54,38.04,-2.84%,+0.01,4,15216,买盘
14:20:09,38.04,-2.84%,--,5,19020,买盘
14:20:48,38.04,-2.84%,--,3,11412,买盘
14:20:51,38.04,-2.84%,--,1,3804,买盘
14:20:57,38.04,-2.84%,--,16,60864,买盘
14:21:09,38.06,-2.78%,+0.02,1,3806,买盘
14:21:15,38.06,-2.78%,--,2,7612,买盘
14:21:18,38.03,-2.86%,-0.03,22,83666,卖盘
14:21:18,38.03,-2.86%,-0.01,22,83666,中性盘
14:21:33,38.02,-2.89%,-0.01,84,319368,卖盘
14:21:42,38.02,-2.89%,--,10,38020,卖盘
14:21:48,38.02,-2.89%,--,268,1018936,卖盘
14:22:03,38.0,-2.94%,-0.02,7,26600,中性盘
14:22:06,38.0,-2.94%,--,13,49400,卖盘
14:22:12,38.0,-2.94%,--,21,79800,买盘
14:22:15,37.98,-2.99%,-0.02,6,22788,卖盘
14:22:21,37.98,-2.99%,--,9,34182,卖盘
14:22:30,37.96,-3.04%,-0.02,2,7592,卖盘
14:22:45,37.96,-3.04%,--,13,49348,卖盘
14:23:03,37.96,-3.04%,--,11,41756,卖盘
14:23:09,37.98,-2.99%,+0.02,1,3798,买盘
14:23:12,37.98,-2.99%,--,4,15192,买盘
14:23:15,37.98,-2.99%,--,1,3798,买盘
14:23:24,37.96,-3.04%,-0.02,114,432744,卖盘
14:23:27,37.97,-3.01%,+0.01,7,26579,卖盘
14:23:30,37.96,-3.04%,-0.01,2,7592,卖盘
14:23:33,37.97,-3.01%,+0.01,1,3797,买盘
14:23:39,37.97,-3.01%,--,1,3797,中性盘
14:23:42,37.96,-3.04%,-0.01,8,30368,卖盘
14:23:45,37.97,-3.01%,+0.01,11,41767,买盘
14:24:03,37.97,-3.01%,--,4,15188,中性盘
14:24:06,37.96,-3.04%,-0.01,10,37960,卖盘
14:24:15,37.97,-3.01%,+0.01,6,22782,买盘
14:24:18,37.96,-3.04%,-0.01,1,3796,卖盘
14:24:24,37.97,-3.01%,+0.01,22,83534,买盘
14:24:42,37.97,-3.01%,--,2,7594,买盘
14:24:48,37.97,-3.01%,--,1,3797,买盘
14:25:03,37.96,-3.04%,-0.01,92,349232,卖盘
14:25:06,37.97,-3.01%,+0.01,36,136692,买盘
14:25:09,37.97,-3.01%,--,47,178459,买盘
14:25:12,37.97,-3.01%,--,16,60752,买盘
14:25:15,37.95,-3.07%,-0.02,1,3795,卖盘
14:25:18,37.97,-3.01%,+0.02,1,3797,买盘
14:25:21,37.97,-3.01%,--,32,121504,买盘
14:25:39,37.97,-3.01%,--,16,60752,卖盘
14:25:54,37.97,-3.01%,--,1,3797,卖盘
14:26:00,37.97,-3.01%,--,18,68346,卖盘
14:26:03,37.98,-2.99%,+0.01,50,189900,买盘
14:26:06,37.97,-3.01%,-0.01,5,18985,卖盘
14:26:12,37.96,-3.04%,-0.01,143,542828,卖盘
14:26:15,37.98,-2.99%,+0.02,49,186102,买盘
14:26:18,37.98,-2.99%,--,5,18990,卖盘
14:26:33,37.98,-2.99%,--,3,11394,卖盘
14:26:48,37.98,-2.99%,--,50,189900,卖盘
14:26:51,37.98,-2.99%,--,47,178506,卖盘
14:26:54,37.98,-2.99%,--,1,3798,卖盘
14:26:57,37.98,-2.99%,--,8,30384,卖盘
14:27:06,37.99,-2.96%,+0.01,3,11397,买盘
14:27:09,37.99,-2.96%,--,10,37990,买盘
14:27:21,38.0,-2.94%,+0.01,10,38000,买盘
14:27:24,37.99,-2.96%,-0.01,4,15196,卖盘
14:27:27,38.0,-2.94%,+0.01,1,3800,买盘
14:27:30,38.0,-2.94%,--,11,41800,买盘
14:27:33,37.99,-2.96%,-0.01,1,3799,中性盘
14:27:33,37.99,-2.96%,--,1,3799,中性盘
14:27:51,37.99,-2.96%,--,5,18995,卖盘
14:27:54,37.98,-2.99%,-0.01,13,49374,卖盘
14:27:57,37.99,-2.96%,+0.01,9,34191,买盘
14:28:06,37.99,-2.96%,--,2,7598,买盘
14:28:09,37.99,-2.96%,--,4,15196,买盘
14:28:12,38.0,-2.94%,+0.01,42,159600,买盘
14:28:15,38.0,-2.94%,--,2,7600,买盘
14:28:21,38.02,-2.89%,+0.02,4,15208,买盘
14:28:27,38.02,-2.89%,--,12,45624,买盘
14:28:30,38.02,-2.89%,--,1,3802,买盘
14:28:51,37.99,-2.96%,-0.03,11,41789,卖盘
14:28:54,38.02,-2.89%,+0.03,20,76040,买盘
14:28:57,38.01,-2.91%,-0.01,22,83622,买盘
14:29:06,37.99,-2.96%,-0.02,1,3799,卖盘
14:29:24,38.0,-2.94%,+0.01,19,72200,中性盘
14:29:48,38.0,-2.94%,--,10,38000,买盘
14:29:51,38.0,-2.94%,--,3,11400,买盘
14:30:00,37.99,-2.96%,-0.01,7,26593,卖盘
14:30:09,37.99,-2.96%,--,9,34191,卖盘
14:30:12,37.98,-2.99%,-0.01,18,68364,卖盘
14:30:15,37.97,-3.01%,-0.01,235,892295,卖盘
14:30:18,37.96,-3.04%,-0.01,16,60736,卖盘
14:30:21,37.96,-3.04%,--,3,11388,卖盘
14:30:27,37.96,-3.04%,--,2,7592,卖盘
14:30:30,37.95,-3.07%,-0.01,1,3795,卖盘
14:30:36,37.95,-3.07%,--,27,102465,卖盘
14:30:39,37.95,-3.07%,--,6,22770,卖盘
14:30:42,37.94,-3.09%,-0.01,5,18970,卖盘
14:30:45,37.94,-3.09%,--,2,7588,卖盘
14:30:48,37.96,-3.04%,+0.02,8,30368,买盘
14:31:00,37.95,-3.07%,-0.01,2,7590,中性盘
14:31:03,37.9,-3.19%,-0.05,100,379000,卖盘
14:31:06,37.94,-3.09%,+0.04,1,3794,买盘
14:31:09,37.92,-3.14%,-0.02,1,3792,卖盘
14:31:12,37.93,-3.12%,+0.01,1,3793,买盘
14:31:15,37.93,-3.12%,--,2,7586,买盘
14:31:18,37.92,-3.14%,-0.01,1,3792,卖盘
14:31:27,37.92,-3.14%,--,20,75840,卖盘
14:31:33,37.92,-3.14%,--,5,18960,卖盘
14:31:39,37.92,-3.14%,--,2,7584,卖盘
14:31:42,37.92,-3.14%,--,4,15168,买盘
14:31:45,37.92,-3.14%,--,10,37920,卖盘
14:31:54,37.91,-3.17%,-0.01,5,18955,卖盘
14:32:00,37.91,-3.17%,--,10,37910,卖盘
14:32:09,37.91,-3.17%,--,13,49283,卖盘
14:32:21,37.91,-3.17%,--,30,113730,卖盘
14:32:24,37.9,-3.19%,-0.01,1,3790,卖盘
14:32:30,37.9,-3.19%,--,38,144020,卖盘
14:32:33,37.88,-3.24%,-0.02,211,799268,卖盘
14:32:36,37.88,-3.24%,--,2,7576,卖盘
14:32:39,37.89,-3.22%,+0.01,21,79569,买盘
14:32:42,37.88,-3.24%,-0.01,52,196976,卖盘
14:32:48,37.88,-3.24%,--,43,162884,卖盘
14:32:51,37.88,-3.24%,--,11,41668,卖盘
14:32:54,37.88,-3.24%,--,6,22728,卖盘
14:32:57,37.88,-3.24%,--,23,87124,买盘
14:33:03,37.87,-3.27%,-0.01,32,121184,卖盘
14:33:06,37.88,-3.24%,+0.01,4,15152,买盘
14:33:09,37.86,-3.30%,-0.02,16,60576,卖盘
14:33:18,37.87,-3.27%,+0.01,17,64379,买盘
14:33:21,37.88,-3.24%,+0.01,1,3788,买盘
14:33:24,37.88,-3.24%,--,1,3788,买盘
14:33:27,37.88,-3.24%,--,17,64396,买盘
14:33:30,37.88,-3.24%,--,7,26516,买盘
14:33:33,37.87,-3.27%,-0.01,14,53018,中性盘
14:33:42,37.88,-3.24%,+0.01,10,37880,买盘
14:33:45,37.86,-3.30%,-0.02,34,128724,卖盘
14:33:48,37.85,-3.32%,-0.01,51,193035,卖盘
14:33:51,37.86,-3.30%,+0.01,29,109794,买盘
14:33:54,37.86,-3.30%,--,11,41646,买盘
14:33:57,37.86,-3.30%,--,5,18930,买盘
14:34:00,37.85,-3.32%,-0.01,31,117335,卖盘
14:34:03,37.85,-3.32%,--,3,11355,卖盘
14:34:06,37.86,-3.30%,+0.01,3,11358,买盘
14:34:09,37.85,-3.32%,-0.01,6,22710,卖盘
14:34:12,37.86,-3.30%,+0.01,4,15144,买盘
14:34:15,37.85,-3.32%,-0.01,9,34065,卖盘
14:34:15,37.85,-3.32%,--,9,34065,中性盘
14:34:15,37.85,-3.32%,--,9,34065,卖盘
14:34:18,37.85,-3.32%,--,61,230885,卖盘
14:34:24,37.88,-3.24%,+0.03,89,337132,买盘
14:34:30,37.88,-3.24%,--,12,45456,卖盘
14:34:33,37.89,-3.22%,+0.01,5,18945,买盘
14:34:36,37.88,-3.24%,-0.01,106,401528,卖盘
14:34:42,37.88,-3.24%,--,36,136368,卖盘
14:34:48,37.89,-3.22%,+0.01,8,30312,买盘
14:34:51,37.86,-3.30%,-0.03,73,276378,卖盘
14:34:57,37.86,-3.30%,--,3,11358,买盘
14:35:00,37.86,-3.30%,--,1,3786,买盘
14:35:03,37.86,-3.30%,--,2,7572,买盘
14:35:06,37.85,-3.32%,-0.01,40,151400,卖盘
14:35:18,37.85,-3.32%,--,40,151400,卖盘
14:35:21,37.84,-3.35%,-0.01,35,132440,卖盘
14:35:30,37.84,-3.35%,--,5,18920,买盘
14:35:33,37.84,-3.35%,--,10,37840,买盘
14:35:45,37.83,-3.37%,--,53,200499,买盘
14:35:51,37.83,-3.37%,--,35,132405,买盘
14:35:54,37.83,-3.37%,--,30,113490,卖盘
14:36:00,37.84,-3.35%,+0.01,13,49192,买盘
14:36:03,37.83,-3.37%,-0.01,42,158886,卖盘
14:36:09,37.84,-3.35%,+0.01,20,75680,中性盘
14:36:12,37.83,-3.37%,-0.01,63,238329,卖盘
14:36:15,37.84,-3.35%,+0.01,15,56760,买盘
14:36:18,37.84,-3.35%,--,1,3784,买盘
14:36:21,37.84,-3.35%,--,7,26488,中性盘
14:36:24,37.83,-3.37%,-0.01,20,75660,卖盘
14:36:30,37.85,-3.32%,+0.02,12,45420,买盘
14:36:33,37.85,-3.32%,--,13,49205,卖盘
14:36:39,37.85,-3.32%,--,56,211960,卖盘
14:36:45,37.85,-3.32%,--,51,193035,买盘
14:36:48,37.85,-3.32%,--,15,56775,买盘
14:36:51,37.85,-3.32%,--,14,52990,买盘
14:36:54,37.85,-3.32%,--,4,15140,买盘
14:36:57,37.86,-3.30%,+0.01,238,901068,买盘
14:37:00,37.86,-3.30%,--,40,151440,买盘
14:37:03,37.85,-3.32%,-0.01,8,30280,卖盘
14:37:06,37.86,-3.30%,+0.01,1,3786,买盘
14:37:18,37.85,-3.32%,-0.01,21,79485,卖盘
14:37:21,37.86,-3.30%,+0.01,11,41646,买盘
14:37:24,37.85,-3.32%,-0.01,27,102195,卖盘
14:37:27,37.85,-3.32%,--,7,26495,买盘
14:37:42,37.85,-3.32%,--,10,37850,买盘
14:37:45,37.85,-3.32%,--,704,2664640,中性盘
14:37:48,37.85,-3.32%,--,6,22710,卖盘
14:37:51,37.85,-3.32%,--,1,3785,卖盘
14:38:00,37.85,-3.32%,--,16,60560,卖盘
14:38:03,37.85,-3.32%,--,10,37850,卖盘
14:38:06,37.83,-3.37%,-0.02,166,627978,卖盘
14:38:12,37.83,-3.37%,--,2,7566,中性盘
14:38:18,37.8,-3.45%,-0.03,5,18900,卖盘
14:38:21,37.82,-3.40%,+0.02,1,3782,中性盘
14:38:27,37.83,-3.37%,--,1,3783,买盘
14:38:33,37.83,-3.37%,--,7,26481,买盘
14:38:36,37.83,-3.37%,--,1,3783,卖盘
14:38:45,37.84,-3.35%,+0.01,3,11352,买盘
14:38:48,37.83,-3.37%,-0.01,23,87009,卖盘
14:38:51,37.82,-3.40%,-0.01,5,18910,卖盘
14:38:57,37.83,-3.37%,+0.01,20,75660,买盘
14:39:00,37.82,-3.40%,-0.01,15,56730,买盘
14:39:03,37.83,-3.37%,+0.01,3,11349,买盘
14:39:06,37.82,-3.40%,-0.01,13,49166,卖盘
14:39:09,37.83,-3.37%,+0.01,4,15132,买盘
14:39:12,37.83,-3.37%,--,20,75660,买盘
14:39:15,37.83,-3.37%,--,11,41613,买盘
14:39:18,37.82,-3.40%,-0.01,35,132370,卖盘
14:39:24,37.82,-3.40%,--,11,41602,买盘
14:39:27,37.81,-3.42%,-0.01,1,3781,卖盘
14:39:48,37.81,-3.42%,--,8,30248,卖盘
14:39:54,37.81,-3.42%,--,14,52934,卖盘
14:39:57,37.81,-3.42%,--,3,11343,卖盘
14:40:00,37.82,-3.40%,+0.01,1,3782,买盘
14:40:09,37.81,-3.42%,-0.01,49,185269,卖盘
14:40:12,37.82,-3.40%,+0.01,3,11346,买盘
14:40:21,37.81,-3.42%,-0.01,44,166364,卖盘
14:40:24,37.82,-3.40%,+0.01,13,49166,买盘
14:40:27,37.82,-3.40%,--,1,3782,买盘
14:40:30,37.81,-3.42%,-0.01,3,11343,卖盘
14:40:33,37.8,-3.45%,-0.01,10,37800,卖盘
14:40:36,37.82,-3.40%,+0.02,4,15128,买盘
14:40:36,37.82,-3.40%,--,4,15128,中性盘
14:40:48,37.82,-3.40%,--,2,7564,买盘
14:40:54,37.81,-3.42%,-0.01,6,22686,卖盘
14:41:03,37.82,-3.40%,+0.01,7,26474,买盘
14:41:06,37.81,-3.42%,-0.01,1,3781,买盘
14:41:12,37.8,-3.45%,-0.01,36,136080,卖盘
14:41:24,37.81,-3.42%,+0.01,10,37810,买盘
14:41:27,37.8,-3.45%,-0.01,6,22680,卖盘
14:41:30,37.81,-3.42%,+0.01,5,18905,买盘
14:41:33,37.8,-3.45%,-0.01,112,423360,卖盘
14:41:36,37.81,-3.42%,+0.01,31,117211,买盘
14:41:42,37.8,-3.45%,-0.01,9,34020,卖盘
14:41:45,37.81,-3.42%,+0.01,1,3781,买盘
14:41:48,37.8,-3.45%,-0.01,69,260820,卖盘
14:41:54,37.8,-3.45%,--,5,18900,买盘
14:42:03,37.79,-3.47%,-0.01,20,75580,卖盘
14:42:09,37.8,-3.45%,+0.01,16,60480,买盘
14:42:18,37.79,-3.47%,-0.01,2,7558,卖盘
14:42:21,37.8,-3.45%,+0.01,5,18900,买盘
14:42:27,37.79,-3.47%,-0.01,26,98254,卖盘
14:42:30,37.8,-3.45%,+0.01,2,7560,买盘
14:42:36,37.79,-3.47%,-0.01,1,3779,中性盘
14:42:39,37.79,-3.47%,--,14,52906,卖盘
14:42:48,37.79,-3.47%,--,8,30232,买盘
14:42:51,37.79,-3.47%,--,11,41569,买盘
14:42:54,37.78,-3.50%,-0.01,6,22668,卖盘
14:43:00,37.79,-3.47%,--,22,83138,买盘
14:43:03,37.78,-3.50%,-0.01,35,132230,卖盘
14:43:06,37.79,-3.47%,+0.01,1,3779,买盘
14:43:18,37.79,-3.47%,--,44,166276,买盘
14:43:24,37.79,-3.47%,--,7,26453,买盘
14:43:27,37.79,-3.47%,--,19,71801,买盘
14:43:33,37.79,-3.47%,--,1,3779,买盘
14:43:42,37.79,-3.47%,--,2,7558,买盘
14:43:45,37.78,-3.50%,-0.01,7,26446,卖盘
14:43:48,37.79,-3.47%,+0.01,2,7558,买盘
14:43:54,37.79,-3.47%,--,164,619756,买盘
14:44:00,37.8,-3.45%,+0.01,17,64260,买盘
14:44:03,37.79,-3.47%,-0.01,12,45348,卖盘
14:44:06,37.8,-3.45%,+0.01,15,56700,买盘
14:44:24,37.79,-3.47%,--,51,192729,卖盘
14:44:33,37.8,-3.45%,+0.01,34,128520,买盘
14:44:36,37.8,-3.45%,--,10,37800,买盘
14:44:51,37.8,-3.45%,--,6,22680,买盘
14:44:57,37.79,-3.47%,-0.01,5,18895,卖盘
14:45:00,37.8,-3.45%,+0.01,1,3780,买盘
14:45:06,37.8,-3.45%,--,2,7560,买盘
14:45:09,37.8,-3.45%,--,13,49140,买盘
14:45:12,37.8,-3.45%,--,4,15120,买盘
14:45:18,37.79,-3.47%,-0.01,85,321215,卖盘
14:45:21,37.79,-3.47%,--,5,18895,卖盘
14:45:24,37.79,-3.47%,--,1,3779,卖盘
14:45:27,37.78,-3.50%,-0.01,75,283350,卖盘
14:45:33,37.79,-3.47%,+0.01,12,45348,买盘
14:45:36,37.78,-3.50%,-0.01,3,11334,卖盘
14:45:42,37.78,-3.50%,--,1,3778,卖盘
14:45:45,37.79,-3.47%,+0.01,143,540397,买盘
14:45:48,37.79,-3.47%,--,27,102033,买盘
14:45:51,37.8,-3.45%,+0.01,51,192780,买盘
14:46:00,37.8,-3.45%,--,1,3780,买盘
14:46:03,37.8,-3.45%,--,19,71820,买盘
14:46:09,37.79,-3.47%,-0.01,101,381679,卖盘
14:46:12,37.79,-3.47%,--,11,41569,卖盘
14:46:15,37.8,-3.45%,+0.01,7,26460,买盘
14:46:21,37.79,-3.47%,-0.01,34,128486,卖盘
14:46:24,37.79,-3.47%,--,24,90696,卖盘
14:46:27,37.8,-3.45%,+0.01,4,15120,买盘
14:46:30,37.8,-3.45%,--,3,11340,买盘
14:46:33,37.81,-3.42%,+0.01,28,105868,买盘
14:46:39,37.8,-3.45%,-0.01,13,49140,卖盘
14:46:45,37.8,-3.45%,-0.01,11,41580,卖盘
14:46:51,37.81,-3.42%,+0.01,2,7562,买盘
14:46:54,37.81,-3.42%,--,1,3781,买盘
14:46:57,37.81,-3.42%,--,52,196612,买盘
14:47:00,37.81,-3.42%,--,11,41591,买盘
14:47:03,37.81,-3.42%,--,27,102087,买盘
14:47:06,37.81,-3.42%,--,12,45372,买盘
14:47:09,37.81,-3.42%,--,4,15124,买盘
